0.297945702226944
0.329449790009600
0.246457781509854
0.235634366579853
0.0614066020968564
0.451150083598640
0.572566492939108
0.0787496186149417
0.735900126591924
0.660246142962893
0.169137689073356
0.586984617572812
0.647955396825318
-0.318533614844534
-0.0925998148534398
-0.0202487293330117
0.126937652218812
0.562110007241184
0.664143525403113
0.497076490604019
0.664970819571299
-0.0565395693901941
0.429637038545552
0.245634045818458
0.263593594690984
0.106061743904017
0.510288838400445
-0.533164280805818
0.300723420313006
0.0631007257931431
0.460247398287400
0.539442324165639
0.719873535722360
0.237179384680876
0.0130182228811474
0.0202484492695621
0.123814349880085
0.139438946907727
0.0911267192210202
-0.135231510065981
0.447458450565992
-0.0578493922304521
0.129407949275756
-0.231577893624258
0.666925057366261
-0.425709255369383
0.288118199958581
-0.188118755589674
0.172015692796398
0.0575793331733478
0.215475655976898
0.203134059116527
0.231366782952842
0.0436628489078581
0.374581026740690
0.375971444582814
0.325752337900362
0.112675988442088
0.0278607826863318
0.0743017604711450
0.0667082138207192
0.949455419293647
0.110259115916849
0.566293727300075
0.458885414178959
0.0770826648228840
-0.0818487585393737
0.732573232368324
0.610621945725823
0.705404739458739
0.321570383719990
0.375388942817509
0.183043367120185
0.177995137535815
0.406503514011961
0.0785141474752220
0.317678124352038
0.0488063459468726
0.0503734689046946
0.507983010389434
0.414142700480787
0.290363006970583
0.407556628509190
0.209942002058378
0.271571994747499
-0.0633396175662672
0.380109584399602
0.0420048108424662
0.271910584856383
0.479077450721428
0.173985622794331
0.105256936794416
0.134379773348161
0.123006956789532
0.286559132045478
0.0337946382977746
0.379748665887619
0.326160154213297
0.195267421074056
0.0296722601650530
0.384077675210058
0.226677726558474
0.523566552690217
-0.197265109591169
0.406791238456088
0.185079846093809
0.115838895623415
0.396762784758307
0.0472739716398858
0.392256953195034
-0.0387049965609522
0.258800536804368
0.697738985172993
0.321481188944163
0.197533089285612
-0.384362991264926
0.428542053196191
0.00492632685902343
0.243948731665286
0.0416427655139600
-0.0381625937232359
0.264774322964966
0.233824223212998
0.0545486584709915
0.179735661672052
0.0404955020886961
0.239339944660868
0.292710706989474
0.113242293513430
0.148485103360213
0.214844131080079
0.428470410244725
-0.0239629504262793
0.0206661987863521
0.158412161226862
0.137251715477863
0.0719644862783642
0.113567037531796
0.0912668975219104
0.281844227779598
0.0731848941823158
0.450535903050221
-0.0546043907266488
0.116304909190446
0.139548845589519
0.273862035107123
0.509894242704589
-0.218929479259055
0.124613007522576
0.336767936969547
0.322375225839829
0.111287180221314
0.268527268215003
0.00733880447146893
0.284229491304969
0.0954730963011616
0.0247455783948699
0.238981271076943
0.141807243073793
0.397447141650516
0.0270669957697442
0.0840511783827524
0.104230846892140
0.0456848359383018
0.237429431467365
0.456080129068913
0.0560741198398815
0.0956398675075777
-0.145195565186668
0.381384616646084
0.0735173176788349
-0.125507547805589
0.0788588362090407
0.119765376572709
0.269735824154857
0.143449165682136
0.261501515102888
0.170948248772444
0.355290142611526
0.0622264254519735
0.115895762430687
0.0886758606612376
0.0639953965661052
0.0274402505188582
0.150578334694749
0.0436151931041466
0.0298370176695804
0.143517724657504
0.128573004420230
-0.146828542364652
0.108947332575328
0.0466854940721437
0.0495778737813367
0.311062749039031
0.461587816868680
0.0830061497921360
0.197150805469355
0.0278608486919260
0.0405151281235711
0.0584204071019531
0.0441597274142162
0.0587019355378331
0.0676890119183290
0.0203635278041792
0.0740848333103627
0.225195900107775
0.0779865487675587
0.162640468405389
0.0459756314088686
0.0915138765232375
0.113431548027794
0.107781013479460
0.0705837411605294
0.0858078190686614
0.108492596480256
0.0737446489685331
0.0416536668801255
0.271084738288427
0.0629979306612664
0.0943782104132248
0.154607454578584
-0.0781172994794097
0.0826179114741583
0.0619530413705430
0.101026999470701
-0.00139678721949888
0.114299952413919
-0.00714495248024463
0.00792596300622436
0.0534954770313157
0.103862541778991
0.185873043866550
0.0824259412654019
0.0741720426017944
0.0522548932352116
-0.132450293607228
0.0871474258893143
0.0299271642908740
0.0188061746803562
0.0705954326917965
-0.0454082348890228
-0.00907233686371228
0.130057717439668
0.0157375547758347
0.0795943828256312
0.0748379632142324
0.128509091753109
0.0655147147213482
0.0645474434324535
0.0953488529175371
0.0145601167040916
-0.0133688960946530
0.162839338296545
0.0383785677396747
0.0891176779599694
0.195000601922006
0.126779593208581
-0.0195367869028441
0.0670189003539383
0.0170408672632376
0.106524250409630
0.0650393915558602
0.0473946969583311
0.0947343419611898
0.127065792159949
0.0640314647824532
0.0324100587537419
0.104036940975266
0.0846205062169624
0.0418799232683006
0.0658315901362654
0.253887079194098
0.0427523413529627
0.0653348905813060
0.0289088067360203
-0.0426251780238702
0.00936868084976927
-0.00618733604208523
-0.00447101217909791
0.0996626222791677
0.0411744829019309
0.0579372987763950
-0.00899573670076760
0.0404399876575553
-0.000630728131418180
0.0790747018102102
0.0354475802332344
0.0367213524304104
0.111807839641542
0.0577510263078675
0.0651776292124045
0.126536256987391
0.00472537380927954
-0.0177148176167800
0.0525501237227751
0.0283855328416982
0.0521973172801307
0.0636470752825850
0.0202571199680177
0.0350110951107869
0.0404524767685186
0.0824054713596855
0.0142974840607993
0.0590257261925425
0.0602983441814560
-0.0191901457458828
0.0377800249438341
0.0178649798651416
0.130722645400469
0.0759567432738835
0.0248430735680314
0.0635983411396620
-0.0110760152513532
0.0172950349965161
0.0477689777178678
0.0235883094433654
0.0429476780589854
0.0259545479794540
0.0695680854179123
0.0140315253428001
-0.000431284409581502
0.0379097882668659
0.0217405005281569
0.00915406547899292
0.0278118829334359
0.0414814740750194
-0.0202805262110870
0.0192027786867870
0.0288473811170620
0.0188254269751464
-0.0235316924607990
0.0524832900046331
0.00388422759667779
0.00178049983177138
0.0310440502422303
0.0145804191177844
0.0102126207494483
0.0697697456256274
0.0132392178600753
0.0194505335471950
-0.00697755485283005
0.0230426505700208
0.0571954963736818
0.00535122646834026
0.0125042279920780
-0.00134823348505838
-0.0142665917216862
0.0196016501392954
-0.00834844968754726
0.0372334222241182
0.000205904369895013
0.0419936350652116
0.0283737281651744
0.0359513028263226
-0.00398575895624274
0.0150413806253984
0.000550126688846844
0.0136797283341198
-0.00414365177678928
0.00374809088937413
0.0252938791246697
0.0173484821781124
0.0113690111179711
-0.00514514040418007
0.0204442825333491
0.0261079676570540
0.00694971983506655
0.00308188448211683
0.0218978877680605
0.0185224876757761
0.0128196042169622
0.0182475633075842
0.0180537872835894
-0.0154980824494587
0.00459437557189277
-0.0143039325567795
0.0273635342204649
0.00135033880926952
0.0318317376311107
-0.000134784093672638
-0.00678763593162203
0.0117449132677242
0.00576709390254116
0.0172512462259020
0.0172991751851610
0.0129556450693455
0.0102187552153582
0.0171499528118164
0.00937083774314026
0.00712748305573892
0.0130274018608281
0.00914344906864050
0.00901514381371135
0.0157108192332135
0.0271142567125435
0.0126350921643442
0.0158602319943045
0.0109198605037966
0.0196138995703146
-0.00260743387704315
0.0141043741945321
0.00232605567536069
0.0318844089066111
0.000809162206037285
0.00751935311995820
0.00840087576671568
0.0181064301308531
-0.00284157789000221
0.0106910342681460
0.00887190386175536
0.00643955460967760
0.00832138131768762
0.0132482598322756
0.00743347253513142
0.0252541171584258
0.00956815775138208
0.0422420727636273
0.00582856005108302
0.0214607553178316
0.00767659692698317
0.00920751593084198
0.00326998074362772
0.00694939437053666
0.0153112189326267
0.00221716380600846
0.00398170415635271
0.00979681462620127
0.0233596330639470
0.0146295547441955
0.00305451356627483
0.00804104685794974
0.00545265441027589
0.00284402295999943
0.00303811894765255
0.00639583409603931
-0.0143870889347488
0.00858612400891742
0.0127093939731260
0.0110193978437856
0.00784473136181874
0.00291967091406850
0.00414654345933928
0.00737730795744544
0.000716836721573806
0.00359495451120810
0.00581901337419137
0.00203212858957025
0.00772572658348686
0.00557447707294524
0.00119008344235984
0.00676201310592230
0.00335374061630876
-0.00113104029692210
-0.000113360435665257
0.00295557925591131
0.00493719462368868
0.00245752792656567
0.00156763058229871
0.00891864766715347
-0.00378465204208080
0.00903960535562624
-0.00773226250520290
0.00658890032649032
-0.00629516347241279
0.00525064857831113
0.00329457092478480
0.00364893105324582
0.00260592478246062
0.00961097386519332
0.00641784557338332
0.00562535109041759
-0.00267048161772415
0.00705358583325411
0.00610056014331557
0.00613150447476064
0.00636607814990453
-0.00143003277214973
-0.00134048254948698
0.00115796154534311
0.00260377870719965
0.00397591898554535
-0.000840505973237190
0.00265724977834262
0.00348236552428688
0.000347523573281162
0.00110447884512000
0.00351703588729749
0.00553947486448160
0.00513008305029787
0.00745694657098750
0.00199978262617335
0.00731361300287732
4.06434740022523e-05
0.00253981673860465
0.00511433194693255
0.00554167421331668
0.00439589229634788
0.00264828862927861
0.00222622623943157
0.00371719019602322
0.000121973328418592
0.00281933314612073
0.000880376423485959
0.00337850262330504
0.00181311634033089
0.00101921410072573
-7.96278502434934e-05
0.00439497596206833
0.00176829732769769
0.00395932637535220
0.00617641651773694
0.00202675410035474
0.000422875470504234
-0.000259400892873531
0.00252247771655077
0.000636044955361848
0.00211118427888548
0.00252207291737521
0.00385246854134521
0.000575970307848303
0.00215271117884233
-0.000339421785883150
0.00123032214462694
0.00200970969317874
0.00377947641445025
0.00119860799079151
0.00408372154907665
0.00361917886021125
0.00270990838998077
0.00316824314707255
-0.000300025769198455
0.00236834908489989
0.00212591318474804
0.00293167592570916
0.00297396875066393
0.00119421164240966
0.00496103481204927
0.00310688782168983
0.000865392212328016
0.00241181706626169
0.00616007271817113
0.00195548060445894
0.00204210132862975
0.00323932290526980
0.00104610411803458
0.00274774327426624
0.00259251962086520
0.00489787525076349
0.00201350780573536
0.00407875250252592
0.00382124659580606
0.00277447382533526
0.00210931539438047
0.000603858566425676
0.00310731536636844
0.00481650235437324
0.000787928727865793
0.00291556774986979
0.00272818244974853
0.00396624657565193
-0.000136405931258912
0.00187288987185161
0.00793510265374877
0.00479791461639237
0.00340325101639643
0.000380716096409965
0.00582510453384667
-0.000156199226905808
0.00603817282274817
0.000567414955272781
0.00451249336267665
0.00171583013545742
0.00107935057311163
0.00234968268021423
0.00368712506568512
-0.000246192356047388
0.00235631574507800
0.000926129956094709
0.00181645986550173
0.00424334852000832
0.00142619216965289
0.000956593554096068
0.00422160785062493
0.00131980579667970
0.00662277958620906
0.00312218591073800
0.00392346535512342
0.000704799292398454
0.00190335706705432
0.00434280736075149
0.00167480609652941
0.00120355851071592
0.00236832040920459
-0.000290956392973120
0.00339683726532459
0.00222814197663817
0.00819626813522353
0.000906160195776022
0.00206183367874715
0.00384544554154566
0.00436706488223056
0.00749655891619033
-0.000764030641224439
0.00142069375216613
0.00121344695883480
0.00468172654045994
0.00158573954986828
0.00219843031099615
0.00215302632991036
0.00421688881306563
0.00379058020572300
-0.00141242417821820
0.00182056946617871
0.000427938790639089
0.00242236703608856
0.000417161102567506
0.00357663878036773
0.00103066817076634
0.000309612652185210
-0.000384276027088462
0.00179535629007028
0.000443009357425718
0.00132987055816966
-0.000363972067534227
0.00276668031278285
0.00295607431596007
0.00121148119889489
0.000690341824799390
0.000695378696016501
0.00160699121459263
0.00204994819999205
0.000189621381060072
0.00348472333524714
0.000593778529612868
-1.03201100108320e-05
0.00281554539833036
0.00208869049341615
0.00161628510541443
0.00938069263681238
0.00152992192393270
0.00441460090387162
0.00282296469857625
0.000735270896586745
0.00612503665188573
0.00208618276120606
0.00290859775684602
0.00452312778868135
0.000192765333027576
0.00276679545242069
0.00267032786669352
0.00153591908211812
0.00110057468708648
-0.000226047658194616
0.00161840003444040
0.000292268815873249
0.00284336426864456
0.00110791541573248
0.00218655450200368
0.00193496934236382
0.00263584268692467
0.00151994382768235
0.00181453161794332
0.00469323726655893
0.00295765477173085
0.00390224134730954
0.00130180697454802
0.00114492623976651
0.00101127689572975
0.000955816402023787
0.00303935803554300
0.00307648691426404
0.00128947686825302
0.00130433767993521
0.00149177506539705
0.00177776786788979
0.00559942133417762
0.00289139940472279
0.00344961410229139
0.00317890495505216
0.000746461334249538
0.00344905110564151
0.000551873938586649
0.00354478017612006
0.00345772968196831
0.00264481014582896
0.00440221389938252
0.00385251312154037
0.00486562651161128
0.00339534810580949
0.00349078007810135
0.00583541154590133
0.00349020246544257
0.00241497787691031
0.00191010542002547
0.00206880368553133
-0.000928137389844526
0.0113941330788503
0.00310364519546943
0.00185712414744852
0.00329251603225674
0.00234113557667427
0.00557787268861287
0.00346447506032091
0.00137195746820517
0.00330496557704474
0.00232598386743049
0.00233259329483718
0.00545570209377997
0.00151988290904304
0.00539395660802194
0.00648898753315943
0.00402138788148664
0.00430469032791861
0.00277767845181511
0.00308281915334917
0.00195934092732928
0.00355872821638726
-0.000563584243990709
0.00769836397329246
0.00700251612615791
0.00392945943064328
0.00547603048773502
0.00419898620616440
0.00453709084301862
0.00151476653244502
0.0101164253227816
0.00395973747717355
0.00715327705580567
0.00254920831375787
0.00389055793362968
0.00965052340785009
0.00370784868549247
0.00654372691198748
0.00257664806288180
0.00192182389263539
0.00482825198496650
0.00766978178063734
0.00667205229238660
0.00548460469255169
0.00431369803742601
0.000807458507887728
0.00802119013322843
0.000251705615465223
0.00349489763744132
0.00114761010765018
0.00372986762449859
0.00164537677472693
0.00753565315645617
0.00312090582393894
0.00530550482447049
0.00644646423949192
0.00121502531411432
0.00745881723107112
0.00343908188614205
0.00568515498060232
0.00667465600760280
0.00194588753340835
0.00251624743027413
0.00540999664457686
0.00431172269501359
0.00171053442495266
0.00366668231460680
0.00382205011241075
0.00404103507552213
0.00651964933078380
0.00309832418071973
0.00344882328398866
0.00238471595395005
0.00270483799804929
0.00634348601696168
0.00571689094521478
0.00758442588732573
0.00170036472803895
-0.00299279038095021
0.00343031890078047
0.00327758202119970
0.00958568381074458
0.00682003602172177
0.00211959996405785
0.00153169285772819
0.00362684254581028
0.00314648239354623
0.00762794400734857
0.00169047044621624
0.00675433299642300
0.00126536123337994
0.00345422619620860
0.00286141290110037
0.00297694570664788
0.00513034568046706
0.00367766559402125
0.00410474156862045
0.00519461787292849
0.00167328121342253
0.00458046346341977
0.000535464867297894
0.00582330914177450
0.00622316431207509
0.00490033840770213
0.00480829475007571
0.0107760333164337
0.0104438167516348
0.00100686760336015
0.00621684659429724
0.00915726248252832
0.00381633227886757
0.00843913606282211
-0.00231051335824782
0.00658797794254190
0.00590830967996406
0.00359129003186564
0.00133606880432986
0.00271893743373496
0.00545435778667689
0.00570834359631343
0.00659784323446859
0.0202615798556231
0.00509430393270294
0.00723466032187541
0.00405057093057616
0.00327873368307169
0.00478749774155466
0.00304075212725700
0.00412407849722306
0.00890680539986090
0.00203820864151814
0.00826454438991099
0.00294179347541598
0.0143336806170301
0.00483743086286100
0.00824138523694449
0.00496522173221503
0.00302632351472746
0.00474096636078060
0.00738181146527194
0.00245670296936548
0.00387847292947484
0.00341356850452152
0.00666441096322544
0.00867362202491575
0.0198365560857464
0.0101172444059636
0.00752033503317541
0.0112931864999708
0.00992553782699031
-0.000123686397116492
0.0105619811962872
0.00985675254923157
0.0124391600740222
0.0102819214848990
0.0131375868876421
0.00872993451868373
0.00255981900718667
0.00100802174885362
0.0104574247518895
0.00221657354114264
0.00852618207013772
0.00288348487488316
0.0150537031404581
0.00373408840459798
0.00638248224968736
0.0104410775828197
0.0103314273136681
0.0122812472420550
0.0131733972232247
0.0187609617001693
0.0164850230102021
0.0139168517418833
0.0219170392911623
0.0294511217623990
0.0274967710186838
0.0369548753883047
0.0364445034259695
0.0340252710536479
0.0490304884441011
0.0420056244973517
0.0327903146236889
0.0430906516073411
0.0427935553206341
0.0427648473890152
0.0283545561217395
0.0313938339032959
0.0337048732925311
0.0409774745371492
0.0332977841671965
0.0213353527013409
0.0250379623132939
0.0377279182483505
0.0190285016817196
0.0187429446434689
0.0153563103898724
0.0214879709945752
0.0159521689430103
0.0167811490797079
0.0177381845362661
0.0115079912465783
0.00749700998436657
0.0136599698839497
0.00780460815995831
0.00785354659650405
0.00603574445142203
0.00780313355550080
0.0129582390005537
0.00649589440592321
0.00679742346171830
0.0102889623513979
0.00934211982232716
0.00319297192382897
0.0115449409615140
0.0133900546879796
0.0100170567021848
0.0127781506189079
0.00392034533624073
0.00953005771635093
0.00762957282716163
0.00948159329889485
0.0103889791036722
0.00604046330414932
0.00876355008804346
0.00827750361793130
0.00954219683877492
0.0105912974553816
0.00605775942047728
0.00787845403666300
0.00955304584574539
0.00303041477439695
0.0139850580404783
0.00271256841282196
-0.00163891260854673
0.00624195868177418
0.0139553359646611
0.00990633674513829
0.00860476944716932
0.00810876435223728
0.0132368220067579
0.00622771724099552
0.00961338173174610
0.00733450975809639
0.0201387892522807
0.00758535386238276
0.0111543139982173
0.0133469433677844
0.0102501944742461
0.00365996715613450
0.00532358760074902
0.00421577178080255
0.00960486109755006
0.00826990930452252
0.00696045015019666
0.00296668921432353
0.0118448984529329
0.00734106601076221
0.00357441897515437
0.00784219242401173
0.00907859861207745
0.0101621026109513
0.0136457455005642
0.00801747962193965
0.0101180625890494
0.00596972346651605
0.00533945699571625
0.00703627518798082
0.00714804663523716
0.00594666171420421
0.0147945451149987
0.0104353155459310
0.0151206565060071
0.0114010071576619
0.0117974784043225
0.00935084316682069
0.0124798919628720
0.00934830743885957
0.00693491750069013
0.00735102489824848
0.0142732341396612
0.00916789714727617
0.0159710286504956
0.00736578625347542
0.00693959169025309
0.00879002128845804
0.00822925234998210
0.0107416926874382
0.0111395463819164
0.0217026801578162
0.00664824408095600
0.0105562834480313
0.00870578401030733
0.0155442620179860
0.0110844983716559
0.00973048391672167
0.0101122283629787
0.0159378676202994
0.00886122385526747
0.0107371718210429
0.00899041657932959
0.00854022008225855
0.00922456328773852
0.00946735311584989
0.00331310304665803
0.0104989398784651
0.00717828577892008
0.00650091095838730
0.0106290692830926
0.00860879521727277
0.00606974997781642
0.00481123901372892
0.00918384982618183
0.00808875269186568
0.00227905403616270
0.00817466882634772
0.00783784646543144
0.0103344829447252
0.00655912209893814
0.00772207490266480
0.00715988584620813
0.00842449703112218
0.00635459430894484
0.00896718599603325
0.0114393942664973
0.0146275605141865
0.00963747063438636
0.0143164553982482
0.0176696352918457
0.0146720222407915
0.0211556346489605
0.0157806229801662
0.0151257389086318
0.0132729110130610
0.0110028316046595
0.0162774256114370
0.0145813515239556
0.0197652139695257
0.0166142976589274
0.0149239277881550
0.0236982487756913
0.0130877230597891
0.0167948886659894
0.0117314688702455
0.0215607833551915
0.0119496817933528
0.0153571827672614
0.0165172222772274
0.0122916664569118
0.0243061266979254
0.0197914187220171
0.0196861515650178
0.00982484648822157
0.0228500058414063
0.0142379146402895
0.0116543331858179
0.0137931485512305
0.0145086867849074
0.0173375114380929
0.00985663110344088
0.0104602819298298
0.0160433756262186
0.0144056131302530
0.0166372372306559
0.0172470225215113
0.0155096658987717
0.0105273392547714
0.0134533766274086
0.0140838949518972
0.0155351762574774
0.0134546732660554
0.0122818557940128
0.0125016334443705
0.0181093251712153
0.0217204309014183
0.0216438560347659
0.0119665223322783
0.0198138741026058
0.0160014127189472
0.00799450455278544
0.0192854821073450
0.0115572975355910
0.0197559647657122
0.0128483925640408
0.0160347852138989
0.0202463931224666
0.00941752659490108
0.0189377905778162
0.0105660569932373
0.0131741504601684
0.0161499658812396
0.0205148937698700
0.0227980127045925
0.0226546826097798
0.0128150817262746
0.0149179937912576
0.0204682149920463
0.0174402424395138
0.0180762590627693
0.0192701227897131
0.0198622352083713
0.0157058706658042
0.0101798415891995
0.0215720119580299
0.0158402660797512
0.0254121012929509
0.0282991661146342
0.0242278906027562
0.0126983926413302
0.0228288498988259
0.0174188529327414
0.0256317014491815
0.0179093327254592
0.0206844925899194
0.0187703880928973
0.0152158841427102
0.0185568577700560
0.0222003582630250
0.0201703199769492
0.0190416328974534
0.0138332571167289
0.0193528004769971
0.0193911207884852
0.0196681403658786
0.0194837198731122
0.0199597828171122
0.0233800326619801
0.0197957468600734
0.0257891781358288
0.0242888997715191
0.0198670910022018
0.0228913366759813
0.0126598894164945
0.0256326757596453
0.0213783625248520
0.0249906226622194
0.0206676240072041
0.0210207462309445
0.0201232478398470
0.0163481224477435
0.0231848991569155
0.0193659358244642
0.0205812345066501
0.0144601870422711
0.0250413421782140
0.0229578812438740
0.0264494146999416
0.0180142228170308
0.0269581198629028
0.0266134424515276
0.0170418404637537
0.0261270655978168
0.0171664125597997
0.0252653379540553
0.0256492601818700
0.0198877527514785
0.0205818089362369
0.0218439966162475
0.0184162263394043
0.0238226311598848
0.0180803554318115
0.0270800796182098
0.0283449795851146
0.0214765915177929
0.0224614173740994
0.0254117231026876
0.0247258768833391
0.0220663656282522
0.0237954793084915
0.0224999374784975
0.0243524904705577
0.0261689587695853
0.0258654241367983
0.0234962524359880
0.0274918981364107
0.0353465064086883
0.0280911077388489
0.0277310050403839
0.0361879505064438
0.0268871751845930
0.0260421472141540
0.0328250774764696
0.0299856799885808
0.0280423515659873
0.0246669418958744
0.0292216593410427
0.0203493777341892
0.0288866681691506
0.0221819540447795
0.0322811173347650
0.0302253098696050
0.0247129802785135
0.0277076142805264
0.0232669657286336
0.0255323264398202
0.0223382329672708
0.0345864025335648
0.0288572973809726
0.0322655119110412
0.0324893293957141
0.0327156145791930
0.0313840673456493
0.0254821419381206
0.0377174949227496
0.0279500223181914
0.0318648801031749
0.0267504264213817
0.0323058950510420
0.0288044471578159
0.0342838141961519
0.0311877504639774
0.0283158562710177
0.0263465905636391
0.0339654387357941
0.0346203040609225
0.0352661652572434
0.0321843405183925
0.0374050852335257
0.0294300386840088
0.0350659105622462
0.0318189787518922
0.0323166094358776
0.0315956282009902
0.0310486611508786
0.0351983086859382
0.0248861097261859
0.0384552884149688
0.0345742661656513
0.0311146498135918
0.0321950155406448
0.0365040131508992
0.0358288941273122
0.0346646392825504
0.0379124806960378
0.0340190899862938
0.0339249863692792
0.0343292771552533
0.0339343244681173
0.0391864092615360
0.0373599366058641
0.0329676283481900
0.0328723103358719
0.0352222379730942
0.0321549398324957
0.0344502844303445
0.0404682075692210
0.0266451612176737
0.0394851880266790
0.0366914524003879
0.0360469955827023
0.0408434287102681
0.0323957789624870
0.0331458679189022
0.0359974059387255
0.0342685808319614
0.0362537644968672
0.0390827683152776
0.0364493710675970
0.0489495490458082
0.0352465122750191
0.0419245891204247
0.0383403432186378
0.0381040692090749
0.0387122431820632
0.0418742913545801
0.0367762975125181
0.0359947032370649
0.0381812552314813
0.0407258632871159
0.0416471533553540
0.0373097101627838
0.0414673939554340
0.0433705408276784
0.0383939444169371
0.0440602487716710
0.0391196013989398
0.0436071099108561
0.0468425902540305
0.0398846977019662
0.0363936560074135
0.0483703413175397
0.0384967557106192
0.0431323716142883
0.0384430901821200
0.0412967580950678
0.0391487993706699
0.0439054764862237
0.0432142070075424
0.0456314465466274
0.0450533102057817
0.0488319956574894
0.0392731066353902
0.0469754131696427
0.0427894873432917
0.0424020076813425
0.0446568666274851
0.0407057912350739
0.0423077514312916
0.0413526392968699
0.0386932936124160
0.0458981919566088
0.0437037693551220
0.0421771420048083
0.0471054330002362
0.0501018571250035
0.0477158882987515
0.0459329756005840
0.0481680102611447
0.0543330069510828
0.0471909030487953
0.0450392999811797
0.0451211260619638
0.0451870467173565
0.0409040608236128
0.0481853433558479
0.0514134969443673
0.0538434294765373
0.0483620368223435
0.0459732772557781
0.0482242828068599
0.0502576477329171
0.0455244045276711
0.0501062183067425
0.0479950951981622
0.0487698615036467
0.0500877478892277
0.0535120004192236
0.0504154887262820
0.0545639351090433
0.0574241519430957
0.0549742163100346
0.0497120573059493
0.0540704355573125
0.0515623723988702
0.0527373636169406
0.0593600092762598
0.0553087397068802
0.0517635733437928
0.0622947224431441
0.0544867964995794
0.0514666967948143
0.0460404613965587
0.0564390707325247
0.0531748653384432
0.0569673767851116
0.0554648923647527
0.0555927470603861
0.0592653153562531
0.0615427160541359
0.0587915368807275
0.0553311244595730
0.0599657736703515
0.0572520510561472
0.0560296836686402
0.0563551531723513
0.0609370788061379
0.0562062576890468
0.0610301998547467
0.0606306611159352
0.0556859161411500
0.0622501475833238
0.0600445070960013
0.0611454788551437
0.0592826468331254
0.0650286800801454
0.0584368174893728
0.0611129426089865
0.0596999909684094
0.0621361527320311
0.0565760534464558
0.0626358774419934
0.0600198508440744
0.0593243986762016
0.0615423522987911
0.0626530747868823
0.0668103091568316
0.0628057459434411
0.0633475852569087
0.0616543290072589
0.0632184594411148
0.0716699460089015
0.0656542054613019
0.0621336104557656
0.0616294245653108
0.0588324487082918
0.0581035562111012
0.0669838298692881
0.0647939918401934
0.0683962244178978
0.0691055248223837
0.0684665361117473
0.0702958527732523
0.0668718978587695
0.0625810278200286
0.0680782647804322
0.0679593612212172
0.0735486902016073
0.0685358439998475
0.0682025417327776
0.0692553283399376
0.0704120258283332
0.0710004987005796
0.0697546771469970
0.0706563491156328
0.0721755424021286
0.0688223404141566
0.0729510306528170
0.0772410204162565
0.0736535302754327
0.0747780898313613
0.0719308148015722
0.0747576602417282
0.0709068624973196
0.0758816000619181
0.0744905086966466
0.0775526968314219
0.0777824172350499
0.0783069363542860
0.0743238319026611
0.0718466642001791
0.0757042030686907
0.0748411874510746
0.0750517208855971
0.0750036334031002
0.0789003255386615
0.0733525782564855
0.0789260385525872
0.0772068671312907
0.0799344507306908
0.0782123961852120
0.0794328344944321
0.0831746597196274
0.0818004602303264
0.0809112784719474
0.0781564021845872
0.0862775311955703
0.0857873379513593
0.0818485634631853
0.0840578891070969
0.0830708476115908
0.0834204385025158
0.0822265379049897
0.0818703013788737
0.0896679099374571
0.0843106589464636
0.0877221801922817
0.0816426752132609
0.0885032484088694
0.0942688619127490
0.0875314675073960
0.0849471525702839
0.0888184906715925
0.0902517644264868
0.0919123835562767
0.0848585811662633
0.0899965186694620
0.0921774054319751
0.0963972746307942
0.0909170157640965
0.0876987041441813
0.0893709186011350
0.0981045394532752
0.0880322290776407
0.0902562866141430
0.0918651841425787
0.0926743133402342
0.0891974044617979
0.0936624258224054
0.0928202964347408
0.0980980115689586
0.0914744340715693
0.0937074981898070
0.0920611755818609
0.0935958265269053
0.0951046694600831
0.0883324348539617
0.0907442939247746
0.0943508566006383
0.0973944718578841
0.0944047609214815
0.0956309920469624
0.0946553046354416
0.0979806999078632
0.0992681784225546
0.0969962356847930
0.0975779323355641
0.0948171354126149
0.0993417337584044
0.102205663481885
0.0970614385342853
0.0907297528517383
0.101305678748880
0.0927794954105387
0.0950524217879846
0.0997735479518674
0.100434291895815
0.0963027719355170
0.101134877645608
0.108776707191166
0.103394058982086
0.107955670780766
0.100786208942633
0.101546857823823
0.105880473460432
0.0982546324409904
0.101089430248340
0.104462347288022
0.109284683743059
0.104914090733495
0.102536327176476
0.108823296010079
0.104747258861127
0.112026937093902
0.107075889826044
0.104689601099735
0.105241247349047
0.108922303835188
0.105733203080589
0.106036476397999
0.108786971873309
0.112922797415692
0.112652567632689
0.110698386577155
0.116589648908676
0.112710412654012
0.114329410045475
0.112146047721117
0.113503273802614
0.117367093178880
0.114246379998687
0.116315657098510
0.119786215534721
0.123859515612285
0.116495590728871
0.115170675077974
0.118479595855298
0.119173416756488
0.121428786123625
0.125718999531492
0.124965644426179
0.121789434038721
0.123875678858354
0.123429099030480
0.124536314552052
0.120577539695683
0.130472248213042
0.131904115697627
0.128317766334156
0.128262846732816
0.130115087969950
0.124265966927046
0.130118275330210
0.131872104979486
0.133248609430699
0.134830474860038
0.130807227811539
0.135355776953425
0.132570411178883
0.133275266093535
0.130045995365152
0.133796378210424
0.137877330905814
0.131423998827507
0.138103822410838
0.136580070704252
0.141392992177083
0.136195667375122
0.136553480798967
0.139167280779561
0.133029320169475
0.136017246117838
0.137438721474363
0.139571450818011
0.145053857847331
0.134445179017965
0.147850127711476
0.151781810526905
0.143392341152814
0.144505469107649
0.150440410721882
0.150077747032963
0.149064975737799
0.141040849971505
0.149713781115419
0.151406796927286
0.146398939719231
0.157503855437465
0.152259117340615
0.157188295499578
0.153953462349191
0.148302547126387
0.149604465478822
0.151336143172111
0.153391909886789
0.154646167496148
0.154356176603049
0.157406519636423
0.158623376855299
0.153888660126086
0.155997062982054
0.154918993684034
0.159768980245126
0.157029183118951
0.159020136450877
0.154530496818241
0.156233689488348
0.156313057945988
0.159253672552237
0.159124115147391
0.164302033509212
0.163166707037053
0.160730295077235
0.165572822096770
0.163786899413170
0.160705375003508
0.159897186379192
0.168763612825305
0.163070874719083
0.167478473883137
0.171805334083303
0.166301257094655
0.166673779077852
0.172461304046830
0.172566907504492
0.165221281046528
0.174397259109069
0.165748360070333
0.167119985257664
0.164854807011798
0.175348334584738
0.167906841733588
0.173656490896684
0.169988444127181
0.172651285781939
0.170898159584454
0.179007620641341
0.175582214319399
0.175586469079351
0.175862177474982
0.168581215845566
0.185828556199844
0.178212621148797
0.176397702651070
0.179636032347174
0.174886940322220
0.179201380675607
0.175160907992404
0.187248165497759
0.172522612141846
0.183573532093159
0.182594143420972
0.176677108169846
0.188681424024806
0.179618672256576
0.183107314230624
0.195585594064245
0.183906891833270
0.189267350439938
0.187670777704785
0.187809576959509
0.189582288813662
0.185677802371404
0.185504644725361
0.194860606277186
0.191051596668472
0.189847636862546
0.194020644021498
0.192027820931769
0.196811197624254
0.192542126436680
0.188512712724308
0.192829007130079
0.185512896341683
0.193943534289823
0.195040651633598
0.198487441277155
0.193743099584627
0.202442973942654
0.197832254585855
0.204383374612757
0.199671223445303
0.203831548549754
0.195919644478892
0.196616849652865
0.194814329805019
0.199162365661637
0.197277265297298
0.198824579069285
0.206050392660091
0.207014335447113
0.198083280075706
0.203449151692222
0.198283707514880
0.204497275227804
0.202639943615090
0.207276941939665
0.209322778396323
0.213976680108553
0.203434473636907
0.206946657740348
0.209755722993087
0.222711010137946
0.211570455791834
0.211924335296461
0.215174535842909
0.214731862447364
0.223842750036924
0.213963171559027
0.218175827534984
0.212352058562852
0.220722410429132
0.222569380760151
0.216828145032182
0.217045874241305
0.215612777395842
0.223892537577451
0.222936607843697
0.233320767129182
0.235093916663110
0.240600116395856
0.244562294860895
0.250889684405582
0.251148514429123
0.252805702413206
0.257181023336752
0.256019413588707
0.255907117702127
0.261456775286225
0.260983465703600
0.256371739419510
0.242915954095031
0.228229899436067
0.232114644653317
0.225882922262444
0.225642813656173
0.230599678921015
0.231565815805139
0.232987467229959
0.231933789185016
0.234984996605420
0.236653530341099
0.235037535100960
0.233191490225881
0.239013398626945
0.242129632530986
0.239571841149343
0.235976072568805
0.240429040417858
0.243633684954610
0.241825141308753
0.243635642490734
0.239276712334197
0.243837155567734
0.244859909878762
0.236626152937813
0.244515563525887
0.249511366931200
0.245654159614081
0.243087628919399
0.248922287232677
0.244207278758444
0.244768398967039
0.240412169644034
0.239352164204735
0.244788237572076
0.246485196457280
0.248529209111127
0.260194546898764
0.253500965665458
0.255774890086565
0.257582772640395
0.258890988682752
0.253758148801344
0.251153774824282
0.251766256176384
0.253723137425619
0.258686051757645
0.253808682050732
0.265307285539453
0.263128674092226
0.262257888181561
0.264992101560819
0.261823819722061
0.265213517241950
0.270887990169945
0.267571610846641
0.264916745075389
0.262162193007431
0.271175010613932
0.270022166905762
0.268314168386477
0.262723556741597
0.263336513421454
0.274466093979431
0.278188465901585
0.272943450873300
0.270740276015681
0.271684663879829
0.276294261853749
0.284621125733511
0.283238217874289
0.274740953779255
0.276424463170541
0.284773982045179
0.278532420232171
0.278015393978891
0.281154975716307
0.283877211125410
0.283900518837251
0.286696593875946
0.287810904797255
0.289134258344042
0.284273531145271
0.281765985391763
0.291820699735498
0.289796941204916
0.293438714049935
0.289121392112104
0.287229201928810
0.289181798148374
0.296390970768322
0.293898921432124
0.297129732075593
0.291840918559836
0.294635315919503
0.293181589325373
0.288663219774751
0.294513852397255
0.303100615938780
0.300258307935158
0.303153682754440
0.294590357670190
0.301908842749010
0.298461001157546
0.304506659906646
0.299355974373099
0.294741102144546
0.304355236669681
0.296713769352120
0.301930965372613
0.310141635848903
0.302374241740075
0.310496947223015
0.306796806554724
0.304473850170740
0.312746439388514
0.309772418266349
0.311897200057848
0.317892673993299
0.313694127471791
0.320706431041389
0.313037889865088
0.319046953135299
0.307232744272374
0.315888837462669
0.313048776639945
0.328476191134557
0.320273762199186
0.323029475829838
0.311640913426908
0.313444131601489
0.321422887626819
0.327321866138923
0.327063704020639
0.333414027861022
0.325296065201818
0.325864803386341
0.327630271282658
0.324630720001494
0.328842993592912
0.329189442884875
0.326667348047152
0.327251422025898
0.326887136635830
0.323516466992153
0.329685523117935
0.330685941041279
0.338834118970712
0.340147103885447
0.323784859084199
0.332076955696127
0.333129210230533
0.332661948269417
0.340155868221770
0.337483956613465
0.332485613071016
0.340848526242782
0.338828250409957
0.344746857116010
0.341515198567689
0.344279398005164
0.348593313790557
0.355913015465454
0.349913900944954
0.347608513591306
0.342182574694074
0.350153329341334
0.354827476350992
0.354964053094819
0.354126895049404
0.351707946716946
0.354278383197122
0.354183512698871
0.359001059646458
0.354107522051106
0.353131358733043
0.352227224712241
0.367509370740863
0.351937023063896
0.361529525575258
0.360679278464280
0.363785023506038
0.363372994280253
0.362586228538597
0.355759429515561
0.361164104524044
0.370008587776615
0.373069612302737
0.372487361406149
0.367107048121216
0.364666209754277
0.363849563340659
0.369554116522210
0.371797283733198
0.371797105212504
0.374275916932014
0.374025853938282
0.380121730311078
0.376412915702756
0.379588290372001
0.372967488487962
0.374086409495025
0.374637663273648
0.378357727099371
0.374414084565864
0.382809906127516
0.375028077418640
0.386151055365553
0.385317842483307
0.386857716623085
0.387644826498970
0.383813068002610
0.391573640671505
0.390899126737589
0.387599388754348
0.392350627156222
0.399084595476487
0.384586605380279
0.386392034400723
0.392315003887375
0.400622998327929
0.394600712869056
0.395341435188230
0.395460409229541
0.397013966943285
0.390680557519087
0.395777707187817
0.397698921199038
0.400096173659196
0.406638152158905
0.406803617788840
0.408362030903725
0.400744638862826
0.411528400581959
0.409613070217612
0.415970066739512
0.411393317605233
0.417151630136745
0.415932318389196
0.411373707448489
0.420818212637383
0.406479626832579
0.411090719097392
0.416222378827855
0.411218559209587
0.416854972790671
0.412365100458437
0.414479953814334
0.421214835120127
0.414061654141015
0.421809776615203
0.426366598009550
0.426201249107232
0.423690759367753
0.418069496410147
0.430831354842779
0.431319771037121
0.425820833156636
0.425510882734690
0.427532513608631
0.428712961808495
0.436686773465523
0.435960050871759
0.439055213656720
0.427648023680096
0.434962617337923
0.443408436787791
0.439658774382843
0.438451063587375
0.433958820007052
0.439389155237595
0.438670730665629
0.436259490686797
0.454570593729446
0.436736995427033
0.443725699214362
0.437750918162162
0.452504792378105
0.447010357919331
0.458759288985789
0.450586056242825
0.452627495630398
0.442699888167094
0.458491905547472
0.454627682781781
0.460652835325177
0.451554824916658
0.458578302930802
0.457567666401069
0.458399366621455
0.470941385753383
0.461950817502904
0.461818287768013
0.457793106518375
0.455819493185019
0.457672449678330
0.451556127036750
0.455802425556596
0.460983879482754
0.452604479007018
0.461138524933510
0.463035681116060
0.473044089093418
0.468242076871337
0.478999501304494
0.478961421463960
0.490762378543707
0.472054842129934
0.479581957648403
0.474419665878006
0.459735466820873
0.463539287127137
0.464701341027698
0.447391482725534
0.453758900280599
0.447437032484267
0.449642935131491
0.450304119172791
0.451250882105516
0.446004648983228
0.461042305115661
0.464369284382162
0.464386747501872
0.470182651136820
0.466573055051221
0.491430802067879
0.479143220928130
0.486836859447464
0.493726184733809
0.488925113063145
0.485533879861638
0.479948697600919
0.486799685205500
0.472284705775224
0.487750209833740
0.482342201161118
0.487038440072437
0.489389946803307
0.498778107982093
0.487797922095054
0.519811604158090
0.496835902650388
0.489867229452658
0.506888485597996
0.505714254784934
0.519756016523186
0.507044497481422
0.513423700339867
0.516370415263638
0.526108401070463
0.521486787184152
0.524769971593939
0.526128905741581
0.531156184868976
0.524778197678517
0.522220740349745
0.521246383632047
0.529778839809821
0.537507832798952
0.540470620752555
0.530629133137967
0.537962360515140
0.532097362012349
0.534905658840017
0.552098061308286
0.541474958886174
0.535159964568912
0.547884340736307
0.537070912707661
0.545995114511052
0.551878409015364
0.549508042221130
0.547919864451360
0.531678521485706
0.550375252473009
0.543489249976355
0.552173150028560
0.549960602414150
0.543785461603353
0.544044560333938
0.563156833092083
0.558996062793230
0.548539173959452
0.555614864873464
0.564998956915569
0.561271308255063
0.549454645762990
0.545084006560640
0.569949406057269
0.567542974333468
0.567838036537270
0.560721908665166
0.567293271404907
0.567379467179240
0.564120740353027
0.581282967388128
0.558748995867049
0.580997149719351
0.582063119601564
0.567558838980828
0.571170722652186
0.562954527205591
0.570864993433674
0.581342026275953
0.571491646552254
0.585039744163910
0.580876425936507
0.579654637264699
0.591861882593263
0.585009972066791
0.573562090082384
0.587662235898700
0.578648048554664
0.586983817880542
0.588983216305857
0.593854193744822
0.583195329494406
0.598543714487155
0.597819808142116
0.592840770213427
0.593920860193992
0.598199404457627
0.593665457292273
0.593216388012045
0.601082860506580
0.611659049963053
0.592824039546933
0.600498429559239
0.593817711730113
0.595975537406196
0.604468623397982
0.606630794321410
0.595620424957851
0.599758435067671
0.604933172682427
0.598203083381742
0.589452070027369
0.611229004270921
0.601063693353007
0.594464605640853
0.588327616313741
0.591760754279500
0.602965754862990
0.597747513107509
0.606376161349441
0.611123087674070
0.603152102661588
0.604325852896863
0.609099652407445
0.605680386647348
0.607531884524481
0.603352632791998
0.610901687242550
0.600160756697023
0.603761075991294
0.609413781681022
0.609497385713516
0.604142900914970
0.611910455998737
0.610104713296946
0.616334574901676
0.625121999943978
0.627026254991436
0.627692273107164
0.620316851171834
0.630837092101605
0.621494705102589
0.628029627689464
0.634276639653434
0.631530821480090
0.629049766116588
0.622852536482915
0.641785071911133
0.630976088057294
0.634983448051265
0.635787230183367
0.638952988646857
0.636063528025022
0.639124018972571
0.633229835505973
0.637057855735460
0.640964224893783
0.649637943994742
0.638264867105748
0.638045951042301
0.641968387396593
0.642116655885154
0.630072818587235
0.642988849422207
0.645415858118004
0.654546294758203
0.647245055801381
0.658564230370331
0.655915860489721
0.657416446766690
0.648495072310980
0.653209199915258
0.656866818522711
0.664363809268862
0.659131575546218
0.665659302723360
0.662383920040903
0.668392247508217
0.659384653136107
0.658185799702974
0.664956254049462
0.676990228993667
0.675308246921017
0.674287616068427
0.667662928913836
0.671783380732452
0.677248568337848
0.678022981464534
0.672823668685372
0.671616884942123
0.664642512205894
0.679040882735629
0.689527961731665
0.673984814263375
0.676149777392668
0.683263767153864
0.679929400357347
0.682606547832802
0.689904155287920
0.676959313118658
0.704376088866865
0.691314041083406
0.700332399544013
0.697160290234702
0.703671323434236
0.696574042359291
0.703006468955747
0.708982343227097
0.696958940687017
0.697213978067999
0.695064430876871
0.698633813193380
0.696107630094603
0.699313487891688
0.703739057772213
0.709722812525846
0.698729734044885
0.697506408088579
0.716654132678462
0.688799115834788
0.698806294228416
0.706235184987108
0.714264275507766
0.706601392033075
0.709669513929215
0.717055553525361
0.720682442849416
0.727616307893239
0.702161885779476
0.709011456111996
0.709816148715325
0.714525729235169
0.708400714030170
0.723876428162342
0.716545794678438
0.716719300408815
0.715319067907131
0.718832298940996
0.711249323809238
0.721536041942925
0.724851804917257
0.726741736884959
0.726394705763611
0.740287268460175
0.726526763619228
0.732610610317617
0.726354746180787
0.736601048681652
0.737966746786096
0.736169836087017
0.731967763901433
0.726745058020169
0.733986895640861
0.732545767671873
0.740643415495967
0.738214057072740
0.737231027426590
0.747751814573605
0.746164647723675
0.738372743744079
0.743525508484649
0.737048009141426
0.742772698354401
0.754671323824614
0.761124781004143
0.750781921720420
0.746859077154983
0.756671310091498
0.758543112439729
0.759417908017487
0.757834951994729
0.761973645384202
0.774624422419091
0.780080290773109
0.764677941203588
0.766208174932671
0.767528931647151
0.766945304223442
0.762261324366404
0.767760662784234
0.772954552048962
0.763711511972672
0.776579806308996
0.764401546214200
0.778594704101183
0.761538687980533
0.780241287436020
0.772951615577578
0.781510051895907
0.770248737781424
0.775937353799620
0.756706339259297
0.777758776524829
0.776084556428891
0.775597515163522
0.784322023369881
0.785579299317354
0.786316591546914
0.784989099680722
0.784978549547705
0.785067671311187
0.785466394594362
0.785908663547965
0.782260916939343
0.785767696617229
0.800767097631179
0.792077367176559
0.805197568201663
0.787881784013373
0.801125378387119
0.808929291682478
0.801100706140297
0.809133601629632
0.817820945856856
0.799914831653827
0.811801263756289
0.818994142804498
0.812036578215477
0.809476997787435
0.810111322418350
0.800048898183783
0.809616661865662
0.814666626794915
0.809243197719574
0.809804457728471
0.804212666404854
0.817992811299203
0.824685644782580
0.816112061369934
0.814007231857135
0.802687381276824
0.820417723611648
0.823360861343197
0.818494495807101
0.825278906137738
0.814824095833120
0.825644899447106
0.845550034968350
0.839505575175383
0.833668431010297
0.839244160372280
0.840421731681563
0.831054932633959
0.838372150856421
0.837451746184500
0.824459288416174
0.838843637695359
0.822281688156393
0.844986015342355
0.837188256106949
0.829246779633004
0.833529785963673
0.851125359676765
0.854852000493814
0.848457241802621
0.845765297519644
0.857463306998848
0.879047742425954
0.847803098408734
0.855472629472906
0.855974166758377
0.864221434399917
0.865266100520673
0.861797741354828
0.871926312786502
0.842816236946078
0.857116228951188
0.855293496366005
0.860004262871592
0.855868014717157
0.856717206000905
0.851296906576129
0.871098728988558
0.878225673720180
0.875533655708453
0.872348454955625
0.881495085572028
0.871347008233894
0.885656132960480
0.868416936912110
0.883574776740431
0.884790329099680
0.891278069709781
0.891050487248119
0.892259441206069
0.905679607997246
0.900576251257736
0.892877097547122
0.892104506592534
0.887717034414219
0.879076321179757
0.904620610611238
0.902567951162954
0.896070724701734
0.906608327823778
0.913303772226711
0.912855792655647
0.901834505970384
0.898576527216251
0.910949660448960
0.906610149561335
0.900784281720889
0.905610110860728
0.915626237224980
0.904333386200230
0.905084956988779
0.913670854539802
0.913280262171155
0.921835285007280
0.915548839357793
0.923078099720963
0.913638209357406
0.924253386152644
0.929929592575391
0.925023248423368
0.930193656044483
0.918419982480782
0.933757737791478
0.924212358197469
0.930030755322629
0.931885586724133
0.917453488895713
0.920327444192783
0.923313696305694
0.924389182479405
0.935800309737363
0.938652666696019
0.921155270482299
0.949000143458009
0.944199089083903
0.942488041261737
0.946040239839317
0.946735538921768
0.928343039662822
0.951935391237486
0.928556511588593
0.949356325104271
0.945187941156137
0.954233971443915
0.936008688619357
0.941781447135826
0.962136639074126
0.959045637485662
0.943753605627704
0.949949176042135
0.952281227088550
0.964271302074593
0.963777030724264
0.966548016965714
0.949653194009543
0.966955490138131
0.950848145534948
0.967847061262857
0.972916444076360
0.969931328502965
0.986849707479787
0.987658656503158
0.973827770614377
0.978788552509666
0.978235245965802
0.981066269892177
0.961314638742281
0.984622400703084
0.960997954498867
0.974520275218539
0.961464459087082
0.997468217752166
0.974772335338097
0.969010207973494
0.988040259267215
0.995874754334625
1.01424150715791
0.994220408230815
0.992494059204437
0.995454108457079
1.00093819005329
1.01321627516068
1.00669805845416
0.995382423329583
1.01940530861990
1.01461792825582
1.02104913182361
1.00247397037463
1.00736136659614
1.00957026916232
1.02410788561377
1.00545845626182
0.993354407025494
1.01219243206194
1.01288676795052
1.01864415141961
1.01453317791619
1.03460187557697
1.00376816679350
1.01882841239872
1.02788352526420
1.02288639292234
1.02237618797877
1.01709980254228
1.03981370869073
1.04341653277454
1.03227330240041
1.02845097072722
1.04126248814497
1.04125184615036
1.03078559765250
1.03806448613704
1.05439748267523
1.04012376712926
1.04213945895207
1.04783410277282
1.04107499053866
1.03561834389686
1.04688187870553
1.06110430574556
1.04497222649203
1.05715013572864
1.05955549758536
1.05381742219788
1.05304710500337
1.06314340083689
1.05071636372842
1.06208603286093
1.04601527806647
1.06967484755551
1.06301671831976
1.06714221744999
1.06406953640083
1.06812726223316
1.06054971130908
1.06868287640607
1.07541633824295
1.07052504075470
1.06632278050375
1.08495464927919
1.07286341473380
1.07776669919622
1.09311987096449
1.06908017628453
1.08822797926793
1.08250141608947
1.07663575174972
1.09451082943067
1.09154604699244
1.09249781843884
1.10113306452387
1.09851698731631
1.09816281448837
1.08932488176790
1.08921435817036
1.08633858120489
1.10009352263750
1.11334656945526
1.10954563224900
1.10582738523919
1.10117863668199
1.07610972824462
1.11781613974863
1.10973320817818
1.09405441973870
1.10338171380465
1.12750705838450
1.10590438864534
1.12370505300043
1.13266585103550
1.13493027563365
1.14673915345106
1.13657026731405
1.10201234249458
1.11590061249474
1.11807770727393
1.12695038548411
1.14571606021869
1.14567746611953
1.13283666010473
1.13890980164751
1.13590114238316
1.13125595027906
1.13757681455700
1.15196669351158
1.15127440210747
1.13749754541687
1.15334962056387
1.14854611038043
1.15561277368038
1.12695057216896
1.13754104006786
1.14216304160527
1.13119548880911
1.13855662642659
1.13950226025333
1.13530805100761
1.16620071428371
1.12898119459012
1.15753043580052
1.15166158694216
1.14103381647469
1.14092131306085
1.15398824185292
1.15512697350441
1.14650366803385
1.14556595380223
1.16023172473161
1.15438464357670
1.14908493790615
1.16587303994223
1.15342937368645
1.15634139111043
1.15263321553071
1.17747656876846
1.14681391248159
1.14138477839128
1.15327540920799
1.15958604941256
1.15309509567218
1.16757545018159
1.14895296847734
1.16786956382497
1.15788337054766
1.15933136099319
1.15654311474879
1.16830262088844
1.18297786225957
1.15219218066458
1.18828283130526
1.17048863391880
1.16242297796717
1.17593511602618
1.17695208614396
1.16583623236403
1.17197954130477
1.18785459442081
1.17068167952378
1.15409593479498
1.17492692728764
1.16733003934565
1.18046254025054
1.17254808284468
1.18001765124275
1.16226068736890
1.17017649978072
1.16155754505190
1.19355302408822
1.16273829367067
1.17851793355606
1.16113407374700
1.18200413623364
1.17311697900882
1.16656507893669
1.18119561688540
1.18234946379086
1.17533283925883
1.18627671050043
1.17824528198881
1.18069040863343
1.19947132529554
1.20461218199589
1.17968626588171
1.19738138298870
1.19040686347491
1.18731049987211
1.19972076287915
1.20199294188451
1.20810272413666
1.20646531295874
1.21700166282183
1.20157964898421
1.20585247601651
1.22147499778845
1.20130072147895
1.20299075236442
1.23645621206338
1.22628955186235
1.22220221761452
1.23596184031458
1.22652306051870
1.25324154169419
1.22290791967452
1.23775843625226
1.22240353573505
1.25776912577424
1.24528271118161
1.24321714884645
1.24288546186777
1.23809675083474
1.24458249134800
1.24956926908690
1.23386288210598
1.26398163228756
1.23772232776916
1.24685913623803
1.25775523828575
1.26540622738161
1.25127366079372
1.24533730963885
1.27779501251590
1.24655713552779
1.26032279531553
1.27576996386721
1.28701901941881
1.26645447648311
1.26350685278662
1.25908015604457
1.28581753420146
1.26756539008277
1.26606266298295
1.29176359102794
1.29820490945985
1.26455563688534
1.27650061051104
1.28358847901391
1.23587004831694
1.31655741951145
1.27693035713984
1.29844448613878
1.26856618477954
1.28854456222307
1.28755450373984
1.29100795486198
1.29960295436741
1.30636983285320
1.30201926184753
1.30424128359114
1.33284516494511
1.30190476993818
1.30835717896507
1.30124716898299
1.29688283412728
1.32410889294063
1.30752853311689
1.30484829475152
1.30516382587653
1.31915173747798
1.29406815985277
1.32980976973223
1.30922990611383
1.31887025420288
1.33525383653946
1.33200758057169
1.33395058323680
1.32164525952241
1.32312791513331
1.32908323490447
1.34737273505937
1.33906089276161
1.35700102563330
1.32389849432748
1.34229329303775
1.33372751784194
1.32912269863771
1.32932887198992
1.35843196083415
1.35160581438970
1.35723636098945
1.37164897346669
1.37747090535137
1.37309513547590
1.36653082100334
1.36202603908417
1.38394272320891
1.35783170767991
1.34102459104071
1.38254925624687
1.36743421518945
1.37915095697067
1.37821980408840
1.36841513402804
1.36457037631715
1.34659939286391
1.36918779808678
1.37897863843293
1.36962336338573
1.37666119626220
1.40426183777559
1.37051286477439
1.40373933382778
1.39196127752002
1.39866101415064
1.38784367681664
1.39481749430834
1.38877489770834
1.39264456291769
1.40283636583272
1.41524403388652
1.39594682680038
1.41213461451631
1.40961623720309
1.38452847136436
1.41404058757795
1.42353559396388
1.42150742951885
1.39524073647976
1.40756660905583
1.40948093330389
1.41956526094517
1.42532550274751
1.41984491832255
1.43948638580498
1.43222229741552
1.41859938055437
1.43716747011248
1.43564902827879
1.44699808681051
1.42031398319169
1.41097729389445
1.46956880377218
1.46155560002996
1.45036023565000
1.43915665385155
1.47781229246766
1.44432818374629
1.45242032982445
1.45016106761892
1.47487918796786
1.45158911013472
1.45128993280746
1.46334833000903
1.48459943241114
1.47791734454711
1.46127482045693
1.47936663744010
1.46654551354030
1.49789813621641
1.50157202431336
1.47316138617385
1.49957428582509
1.48642732165323
1.51320312645986
1.48999869913733
1.49459066745170
1.49418009973530
1.50756958350542
1.49847542388922
1.49258470310729
1.50003540481538
1.52352677480544
1.49394106005761
1.51194422101331
1.53739467907955
1.48888568912756
1.55407767499778
1.53002818643479
1.52346404282386
1.54980218239136
1.50112395493976
1.53096760207276
1.53918353079221
1.52191950536834
1.56557115434584
1.51267473133149
1.55781137137164
1.56767396251454
1.53068749614917
1.53501298405878
1.58629580979719
1.55188166954543
1.55846535644854
1.55906755392113
1.58551628430991
1.59327624366832
1.58301835032270
1.62641583379879
1.62342466266748
1.59948908320545
1.57521913114984
1.57101843295823
1.55185296428767
1.59090920337835
1.55439013289594
1.57390838431455
1.58761889749067
1.57054060761605
1.55718022759214
1.56078713746214
1.55776794957735
1.59748369677892
1.56616849662679
1.58586522800622
1.59266677743397
1.55541348598042
1.57480372491795
1.58206539771608
1.58055053120219
1.59000935337932
1.58060650739084
1.58380461009594
1.59217557988333
1.60852391807990
1.60314416011125
1.61191956164468
1.59983243432046
1.58992578605653
1.59697661427411
1.58731957521052
1.59426856282775
1.58727340351492
1.56714800241771
1.57406174790072
1.60485590926778
1.60799232018498
1.56392715528612
1.56697607865928
1.57355748035106
1.58143055618081
1.58845864407114
1.59244132426950
1.56928161552164
1.59901731158768
1.61431257259925
1.63654352853976
1.61643271488011
1.60526065914469
1.61345363187483
1.64247893879404
1.63726768186527
1.63955871043369
1.62404135238096
1.63432808634615
1.63809581954160
1.65127846902284
1.60415794801439
1.62618072761869
1.65118262266080
1.63432473401517
1.65525934782322
1.62416350528948
1.61989821340378
1.65250699565628
1.64612293435170
1.65448599820372
1.63906884817173
1.64780618782214
1.63494715414778
1.67146831944197
1.67237437342716
1.65049042079272
1.66828199844320
1.68926796121951
1.68025691347302
1.70329114214801
1.70339098466273
1.71654392733675
1.67774198139411
1.70641827385219
1.69769475772742
1.72295988924305
1.64785798513353
1.71686633684924
1.70158969906466
1.71228042402010
1.71557963955113
1.70903912653646
1.67886003963763
1.68246684746154
1.69500819896139
1.71719787192151
1.70225230830363
1.67311917259799
1.70677513895284
1.69283756274740
1.66625988970010
1.69476902795009
1.69456305594803
1.70791191602982
1.71521618858357
1.67817604572713
1.71534984611766
1.69325649351253
1.70403828940633
1.69218602180494
1.71197382261919
1.69090579016272
1.69680859357682
1.68282929437190
1.69723019796366
1.69404683614947
1.70887273808425
1.73996416716712
1.75901243075283
1.73902226383609
1.72293064722065
1.73938653783401
1.71903016711300
1.73963133998042
1.69373970348240
1.71374682070570
1.74348412252871
1.70425709529607
1.70539982378798
1.72134274803067
1.72648581371541
1.72240737340527
1.74730063591802
1.71554842839375
1.67789266934369
1.71587262832537
1.71827302481082
1.72310035010876
1.73611273932125
1.75048574965124
1.74396055802025
1.73359266257114
1.72452155551822
1.74418020028363
1.74576736242858
1.71898633407251
1.75774786984007
1.73946928944298
1.76479261983875
1.74546079967931
1.78016570100969
1.74528409287448
1.78070785892575
1.74800449959783
1.75652274597968
1.73290138028419
1.70918307171744
1.72858499670252
1.73231578769397
1.76972032208179
1.76777845334810
1.79114865702956
1.76706375853129
1.77324708019661
1.79713385894678
1.82009918222698
1.79626221120199
1.75389990964222
1.79274389146447
1.84241937670354
1.79340580015707
1.79925946300896
1.79863215175304
1.78575544911955
1.76312924938153
1.76876181924716
1.78583112468186
1.75717426288272
1.83624329448769
1.80251093235775
1.80954240700038
1.78952660444128
1.83387755978054
1.76058486617861
1.83336432446910
1.82326303945279
1.83491259662464
1.79939223720605
1.81915928781134
1.78088884654542
1.78395084269163
1.78113462557133
1.79601370550548
1.76917153433692
1.80006492559611
1.78590950599486
1.82796740872151
1.78878699859270
1.79963340610991
1.81781114810873
1.80125044494289
1.81744255020463
1.82531337508845
1.82757603125146
1.83644377444713
1.79860320641876
1.82382332880122
1.82704419427160
1.80113814322487
1.80413704434072
1.85173637051996
1.81649692529240
1.84441632008766
1.81799045711884
1.81761221637591
1.81446702844574
1.84527403982322
1.84013383428727
1.84074055799067
1.85556169029147
1.86082042071533
1.81972670215576
1.81299050158636
1.84878927802243
1.84991126656158
1.81459755771514
1.89379669716170
1.85081317135924
1.84400919143608
1.86490599874446
1.87634922860776
1.84027128722788
1.86277830053509
1.87902869640490
1.87113673725815
1.84927268769794
1.84424950511474
1.89127820096281
1.88411746064490
1.81906964281864
1.85728936003932
1.88861278380047
1.84459859622536
1.86849424957083
1.89569536279993
1.85721013100161
1.86450975972923
1.85537085870013
1.89989807132070
1.84800256878218
1.84247640213159
1.83373646813533
1.90238377031065
1.83083002150681
1.87337148431775
1.85660912326323
1.86953379563291
1.88468905367212
1.86158878644617
1.84492851193512
1.85968590749846
1.84081932142305
1.88303825004754
1.86471175047614
1.86595083665953
1.91109038051442
1.85798962864850
1.82813603340589
1.88899312179913
1.81996554469044
1.88226893400974
1.92331114829712
1.91184634736085
1.92208701960540
1.89830148352169
1.95476908687296
1.92282589236527
1.92175482852610
1.93801302443396
1.91701135642851
1.90756071993960
1.90365560569721
1.91302793973213
1.92673462087658
1.95681887623527
1.89758173867592
1.93111657740838
1.90599485006857
1.91991880597858
1.94149457226058
1.91093642984189
1.94680749921039
1.94873887332994
1.91194177173373
1.98427753557464
1.93042863592425
1.93368394377221
1.93635336547533
1.98452637133302
1.91215004707596
1.99906191605831
1.93611442535770
1.92245559310862
1.93002466443235
1.96262171195946
1.89823014103560
1.95488897740247
1.92841497805409
1.93797210286288
1.96338689800301
1.96559033883987
1.97233724460355
1.97619830095685
1.91995214882671
1.96283192646799
2.03686631538038
1.96055447994707
1.95037315318711
1.95610362431033
1.98534329107482
1.98192588076846
1.94769742462729
1.96810280043614
2.00781406353450
1.99275034672675
1.95244303069714
1.96395120161806
1.93391445211659
1.98607014705182
1.93589755504100
1.93150276233474
1.96008531260368
2.03589948892517
1.96640766115837
1.99956117962006
1.97464927347144
2.00530710253409
2.03844036174664
1.99422775615213
1.99827077655643
1.95046114780473
2.02817858391969
2.01857590411124
1.99506316932135
2.00602065435124
1.96991110946463
1.98516181222677
2.03100280402921
2.02527009465202
1.99528399699187
1.99801650606070
1.99085646094280
1.99745103982246
2.00745311495736
1.96526935454573
2.02720825142059
1.96837654037317
1.98828617330855
1.97917055985246
1.97272403200506
2.01717883594581
2.04733743163729
2.01321489345855
1.99169119333031
2.01928411187963
2.05344841458595
2.06968591458384
1.99249219223764
2.03472815155790
1.98829324303465
2.11627203412742
2.01598952210560
1.96896796393171
2.01894126563454
2.01577347618489
1.99488515824514
2.07927012708983
2.02714251197991
1.99489628743521
2.06601051439775
2.02533162639837
2.00852610590055
2.03979750506829
2.00473191701182
1.99238366394709
1.98273621852151
2.03593683043702
2.02478884782929
1.95465141573042
2.05480709060139
1.95835261775276
2.00711285582774
2.04880288150545
1.97072004592719
1.96705566770443
2.04720196388970
1.96934979404235
1.97846164771358
1.97070387615756
1.99125448299464
1.98990395556691
2.01114738400657
2.00344820816629
2.01106506979212
1.98659892054938
2.00452452017317
2.07052564679583
2.06672746404171
2.00065312541418
1.97085865085563
2.02536932887003
2.08382832187562
2.05079050102877
2.04694247313002
2.02661268521040
2.07546247970142
1.99769875253359
2.08263590819657
2.09482858992013
2.05435779072565
2.10536801274641
2.06770975446048
2.04371916303575
2.05728843201997
2.08174693190532
2.06524966042908
2.03743870160581
2.15517521736227
2.10522430248736
2.09292108732387
2.07721435210128
2.19851769865516
2.14415012820789
2.06025705591325
2.19152168782194
2.15572811782683
2.06706536490531
2.20637535374874
2.12499105581601
2.05987935939896
2.13455480111966
2.14941416873432
2.06677191468429
2.13133869181894
2.15989936201048
2.15634248111824
2.15644579776365
2.13695304778486
2.14159107221055
2.12355879948653
2.06177888986261
2.11486782423133
2.13070968964310
2.20645892738812
2.14453877992879
2.20611977043011
2.12800552412655
2.21682153989834
2.14246144631720
2.21495761776803
2.19293531389116
2.17445853626864
2.20016625700182
2.21843512171734
2.20562692560231
2.18668235373253
2.19891802613139
2.20774206000869
2.16542608468517
2.20870893563149
2.20103780129275
2.17553772789791
2.16177055808310
2.20673353587702
2.23843812688027
2.20085807694924
2.23042408625390
2.17253556543584
2.11204802299332
2.22518026135606
2.17750215190749
2.20222450607671
2.18924630131207
2.24794526689886
2.17728617386906
2.21152171902839
2.17414629664325
2.15951980801667
2.06300466918799
2.23490670627335
2.19437947077757
2.14527577990855
2.17629382352162
2.16396421731429
2.17275737343894
2.18458836194684
2.17858045304516
2.19564875809634
2.24920581864257
2.33149743172476
2.27947126976529
2.22738698171910
2.25574183550794
2.19961610675337
2.19741655768077
2.29189731669645
2.26059601902146
2.26945403714483
2.29768066569462
2.25665136418110
2.27280555130245
2.28416280183361
2.30259275491453
2.32625960498444
2.25269596002480
2.29130197183884
2.38446693012431
2.35320707963280
2.27340385278395
2.30471355192609
2.26006083084493
2.32720957294875
2.28866434284880
2.24627992205639
2.28928490936023
2.31237783124644
2.33654037018335
2.29736254568409
2.29912333318663
2.27600025116800
2.23624398681074
2.26259146112573
2.29989132137592
2.33316028819269
2.23387149765488
2.26132958634953
2.26407916781658
2.28080889207421
2.28779428869626
2.29616604730770
2.33597737656972
2.28826579049202
2.22114143430704
2.27816710931877
2.25334014050235
2.37365374265086
2.32588723328797
2.30429037591580
2.27870618635800
2.33961751559356
2.32200718145129
2.26211050309270
2.32364504239282
2.34203222392520
2.33144017249898
2.26569664982145
2.29444370654985
2.25978373253268
2.35470597957965
2.30027502734887
2.33613667882230
2.26190989058812
2.32096074278059
2.34008964807537
2.39548916166521
2.38835464273828
2.31923201216260
2.35940510483079
2.29598503676285
2.41720030903740
2.31905206630610
2.44183862919234
2.29946114581561
2.35651351373689
2.32928962321922
2.34529742612051
2.34285668407377
2.38441111200873
2.39984183614918
2.40954655478601
2.36389794136084
2.36602298361259
2.31475671880516
2.38675409680205
2.43989099393908
2.41372232218898
2.43867401621683
2.35880259871437
2.42808603038712
2.32247501248186
2.38529646580910
2.37261359668140
2.50203416322121
2.40473949805725
2.39307444742635
2.39401995216305
2.34274489034813
2.37100523222653
2.36165928473972
2.36781305854270
2.42251867623575
2.49242570346775
2.42529727592638
2.42395165132736
2.41648419276619
2.41254152612387
2.29763031325450
2.40642290610057
2.43712198014365
2.39679904062612
2.40195303558160
2.37334676160893
2.41776534442016
2.37096664087514
2.37780786117207
2.39558682731612
2.44248638664085
2.40133873877432
2.31907871195880
2.43903327041755
2.41258187268173
2.36870770094884
2.41220127199561
2.50106368621062
2.45922237337289
2.49508368279132
2.42110746207567
2.42935715113094
2.42595123040504
2.42616183037177
2.38725890763599
2.45272538695340
2.36789207057407
2.50297650346421
2.51225990381602
2.47292522974712
2.46332701379565
2.49785112882804
2.49514350755750
2.49083168789543
2.46163972268321
2.42773555905287
2.39393980066425
2.44782022085044
2.48818498075235
2.45918062761888
2.44194310242251
2.48900212988300
2.48316539055552
2.40369943844283
2.45294266007506
2.44232314673369
2.40316468088457
2.47179820930581
2.43609245581003
2.41010004743323
2.44954499636641
2.42280103336730
2.30749224182462
2.34565294373156
2.42143043765094
2.44893311720579
2.47238243622941
2.42119646920121
2.41185607146635
2.40921194809703
2.40302567439788
2.39918987418078
2.38467586575808
2.37998476779754
2.45854065014672
2.37223443340079
2.53334062629743
2.46938341115312
2.43684467942702
2.40566181443934
2.47009196090831
2.48899577419782
2.45307172669272
2.43713012394671
2.33035188028963
2.39766803695529
2.49106911539499
2.45884683906058
2.46725471131606
2.50152821829500
2.46377076729624
2.45463119711616
2.46235875111518
2.37220017180438
2.50335159110239
2.46288696860588
2.48419603109364
2.43218488526563
2.46195683527287
2.42079447150295
2.47467851321319
2.38337277773840
2.42641713312456
2.34980061663429
2.40164435709869
2.49074090685310
2.39590570772025
2.39873079856638
2.52756968335336
2.40860913700161
2.38358615387673
2.50159229592450
2.33196981973919
2.49020822435997
2.54924570327161
2.40745337981137
2.38009016074470
2.45311398489090
2.52059498117813
2.42067993601808
2.42013537468584
2.43280523282524
2.43392610172308
2.46619395164765
2.47349142482982
2.46641645100312
2.45366083683169
2.29384240692970
2.34853001828182
2.40118370370605
2.40407759508119
2.42066131116693
2.36614076041200
2.35060733061145
2.38568706027677
2.38858447231787
2.37389194281129
1.07378729882256
0.609411254002956
2.11429160017091
-0.323597933035268
-0.322999715177620
1.08003707298550