197.308120700000
197.512435900000
197.716751100000
197.921096800000
198.125442500000
198.329818700000
198.534194900000
198.738601700000
198.943008400000
199.147430400000
199.351867700000
199.556320200000
199.760788000000
199.965271000000
200.169769300000
200.374282800000
200.578811600000
200.783340500000
200.987899800000
201.192474400000
201.397049000000
201.601638800000
201.806259200000
202.010879500000
202.215515100000
202.420166000000
202.624832200000
202.829513500000
203.034210200000
203.238922100000
203.443649300000
203.648376500000
203.853134200000
204.057891800000
204.262680100000
204.467468300000
204.672271700000
204.877105700000
205.081939700000
205.286788900000
205.491653400000
205.696533200000
205.901428200000
206.106338500000
206.311248800000
206.516189600000
206.721130400000
206.926101700000
207.131073000000
207.336074800000
207.541076700000
207.746093800000
207.951126100000
208.156173700000
208.361236600000
208.566314700000
208.771408100000
208.976516700000
209.181640600000
209.386764500000
209.591918900000
209.797073400000
210.002258300000
210.207443200000
210.412643400000
210.617858900000
210.823089600000
211.028335600000
211.233596800000
211.438873300000
211.644165000000
211.849472000000
212.054779100000
212.260116600000
212.465454100000
212.670822100000
212.876190200000
213.081573500000
213.286972000000
213.492385900000
213.697814900000
213.903259300000
214.108718900000
214.314193700000
214.519683800000
214.725174000000
214.930694600000
215.136215200000
215.341751100000
215.547317500000
215.752883900000
215.958465600000
216.164062500000
216.369674700000
216.575302100000
216.780944800000
216.986602800000
217.192260700000
217.397949200000
217.603637700000
217.809356700000
218.015075700000
218.220809900000
218.426574700000
218.632339500000
218.838119500000
219.043914800000
219.249710100000
219.455535900000
219.661377000000
219.867233300000
220.073089600000
220.278961200000
220.484863300000
220.690765400000
220.896682700000
221.102615400000
221.308563200000
221.514526400000
221.720504800000
221.926498400000
222.132507300000
222.338516200000
222.544555700000
222.750595100000
222.956665000000
223.162735000000
223.368820200000
223.574920700000
223.781036400000
223.987167400000
224.193313600000
224.399475100000
224.605651900000
224.811828600000
225.018035900000
225.224243200000
225.430481000000
225.636718800000
225.842971800000
226.049240100000
226.255523700000
226.461822500000
226.668136600000
226.874465900000
227.080810500000
227.287155200000
227.493530300000
227.699905400000
227.906295800000
228.112716700000
228.319137600000
228.525573700000
228.732025100000
228.938491800000
229.144973800000
229.351455700000
229.557968100000
229.764495800000
229.971023600000
230.177566500000
230.384140000000
230.590713500000
230.797302200000
231.003906300000
231.210525500000
231.417160000000
231.623809800000
231.830459600000
232.037139900000
232.243820200000
232.450531000000
232.657241800000
232.863967900000
233.070724500000
233.277481100000
233.484252900000
233.691024800000
233.897827100000
234.104644800000
234.311462400000
234.518310500000
234.725158700000
234.932037400000
235.138916000000
235.345809900000
235.552719100000
235.759643600000
235.966583300000
236.173538200000
236.380508400000
236.587478600000
236.794479400000
237.001480100000
237.208496100000
237.415542600000
237.622589100000
237.829650900000
238.036727900000
238.243820200000
238.450912500000
238.658035300000
238.865173300000
239.072311400000
239.279480000000
239.486648600000
239.693832400000
239.901031500000
240.108245800000
240.315475500000
240.522720300000
240.729980500000
240.937255900000
241.144531300000
241.351837200000
241.559143100000
241.766464200000
241.973800700000
242.181167600000
242.388534500000
242.595901500000
242.803299000000
243.010711700000
243.218139600000
243.425567600000
243.633026100000
243.840484600000
244.047958400000
244.255447400000
244.462951700000
244.670471200000
244.878006000000
245.085556000000
245.293121300000
245.500686600000
245.708282500000
245.915878300000
246.123489400000
246.331115700000
246.538757300000
246.746414200000
246.954086300000
247.161773700000
247.369476300000
247.577179000000
247.784912100000
247.992645300000
248.200408900000
248.408172600000
248.615951500000
248.823745700000
249.031555200000
249.239379900000
249.447204600000
249.655059800000
249.862915000000
250.070800800000
250.278686500000
250.486587500000
250.694503800000
250.902435300000
251.110382100000
251.318344100000
251.526321400000
251.734298700000
251.942306500000
252.150314300000
252.358352700000
252.566391000000
252.774444600000
252.982513400000
253.190597500000
253.398696900000
253.606796300000
253.814926100000
254.023056000000
254.231216400000
254.439376800000
254.647552500000
254.855743400000
255.063949600000
255.272171000000
255.480407700000
255.688659700000
255.896911600000
256.105194100000
256.313476600000
256.521789600000
256.730102500000
256.938415500000
257.146759000000
257.355133100000
257.563507100000
257.771881100000
257.980285600000
258.188690200000
258.397125200000
258.605560300000
258.813995400000
259.022460900000
259.230957000000
259.439453100000
259.647949200000
259.856475800000
260.065002400000
260.273559600000
260.482116700000
260.690673800000
260.899292000000
261.107879600000
261.316497800000
261.525116000000
261.733764600000
261.942413300000
262.151092500000
262.359771700000
262.568481400000
262.777191200000
262.985900900000
263.194641100000
263.403411900000
263.612182600000
263.820953400000
264.029754600000
264.238555900000
264.447387700000
264.656219500000
264.865051300000
265.073913600000
265.282775900000
265.491668700000
265.700592000000
265.909484900000
266.118438700000
266.327362100000
266.536315900000
266.745300300000
266.954284700000
267.163269000000
267.372283900000
267.581298800000
267.790344200000
267.999389600000
268.208465600000
268.417541500000
268.626647900000
268.835754400000
269.044860800000
269.253997800000
269.463134800000
269.672302200000
269.881469700000
270.090667700000
270.299865700000
270.509094200000
270.718322800000
270.927551300000
271.136810300000
271.346069300000
271.555358900000
271.764648400000
271.973968500000
272.183288600000
272.392608600000
272.601959200000
272.811340300000
273.020721400000
273.230102500000
273.439514200000
273.648925800000
273.858367900000
274.067810100000
274.277252200000
274.486724900000
274.696228000000
274.905700700000
275.115234400000
275.324768100000
275.534301800000
275.743835400000
275.953399700000
276.162994400000
276.372589100000
276.582183800000
276.791809100000
277.001434300000
277.211090100000
277.420745800000
277.630432100000
277.840118400000
278.049804700000
278.259521500000
278.469268800000
278.679016100000
278.888763400000
279.098541300000
279.308319100000
279.518096900000
279.727905300000
279.937744100000
280.147583000000
280.357421900000
280.567291300000
280.777160600000
280.987060500000
281.196960400000
281.406860400000
281.616790800000
281.826751700000
282.036712600000
282.246673600000
282.456665000000
282.666656500000
282.876678500000
283.086700400000
283.296722400000
283.506774900000
283.716857900000
283.926940900000
284.137023900000
284.347137500000
284.557251000000
284.767364500000
284.977508500000
285.187683100000
285.397857700000
285.608032200000
285.818237300000
286.028442400000
286.238678000000
286.448913600000
286.659179700000
286.869445800000
287.079711900000
287.290008500000
287.500305200000
287.710632300000
287.920959500000
288.131317100000
288.341674800000
288.552063000000
288.762451200000
288.972839400000
289.183258100000
289.393676800000
289.604126000000
289.814575200000
290.025054900000
290.235534700000
290.446014400000
290.656524700000
290.867034900000
291.077575700000
291.288116500000
291.498687700000
291.709259000000
291.919860800000
292.130462600000
292.341064500000
292.551696800000
292.762329100000
292.972991900000
293.183654800000
293.394348100000
293.605041500000
293.815734900000
294.026458700000
294.237213100000
294.447937000000
294.658721900000
294.869476300000
295.080261200000
295.291076700000
295.501892100000
295.712707500000
295.923553500000
296.134429900000
296.345275900000
296.556152300000
296.767059300000
296.977966300000
297.188903800000
297.399810800000
297.610778800000
297.821746800000
298.032714800000
298.243682900000
298.454711900000
298.665710400000
298.876739500000
299.087768600000
299.298828100000
299.509918200000
299.720977800000
299.932067900000
300.143188500000
300.354309100000
300.565429700000
300.776580800000
300.987762500000
301.198913600000
301.410125700000
301.621307400000
301.832519500000
302.043762200000
302.255004900000
302.466247600000
302.677520800000
302.888793900000
303.100097700000
303.311401400000
303.522735600000
303.734039300000
303.945404100000
304.156768800000
304.368133500000
304.579528800000
304.790924100000
305.002319300000
305.213775600000
305.425201400000
305.636657700000
305.848114000000
306.059600800000
306.271087600000
306.482605000000
306.694122300000
306.905639600000
307.117187500000
307.328765900000
307.540313700000
307.751922600000
307.963501000000
308.175109900000
308.386749300000
308.598388700000
308.810028100000
309.021698000000
309.233367900000
309.445068400000
309.656768800000
309.868499800000
310.080230700000
310.291961700000
310.503723100000
310.715484600000
310.927276600000
311.139068600000
311.350891100000
311.562713600000
311.774536100000
311.986389200000
312.198242200000
312.410125700000
312.622009300000
312.833923300000
313.045837400000
313.257751500000
313.469696000000
313.681671100000
313.893646200000
314.105621300000
314.317596400000
314.529602100000
314.741638200000
314.953674300000
315.165710400000
315.377777100000
315.589843800000
315.801940900000
316.014038100000
316.226135300000
316.438262900000
316.650421100000
316.862579300000
317.074737500000
317.286926300000
317.499115000000
317.711303700000
317.923522900000
318.135772700000
318.347991900000
318.560272200000
318.772522000000
318.984802200000
319.197113000000
319.409423800000
319.621734600000
319.834075900000
320.046417200000
320.258789100000
320.471160900000
320.683563200000
320.895965600000
321.108367900000
321.320800800000
321.533233600000
321.745697000000
321.958160400000
322.170654300000
322.383148200000
322.595642100000
322.808166500000
323.020690900000
323.233245800000
323.445800800000
323.658386200000
323.870971700000
324.083557100000
324.296173100000
324.508789100000
324.721435500000
324.934082000000
325.146759000000
325.359436000000
325.572113000000
325.784820600000
325.997528100000
326.210266100000
326.423004200000
326.635772700000
326.848541300000
327.061309800000
327.274108900000
327.486908000000
327.699737500000
327.912567100000
328.125427200000
328.338287400000
328.551147500000
328.764038100000
328.976928700000
329.189849900000
329.402771000000
329.615692100000
329.828643800000
330.041626000000
330.254608200000
330.467590300000
330.680603000000
330.893615700000
331.106628400000
331.319671600000
331.532745400000
331.745788600000
331.958892800000
332.171966600000
332.385070800000
332.598205600000
332.811340300000
333.024475100000
333.237640400000
333.450805700000
333.664001500000
333.877197300000
334.090423600000
334.303649900000
334.516876200000
334.730133100000
334.943389900000
335.156677200000
335.369964600000
335.583252000000
335.796569800000
336.009887700000
336.223236100000
336.436584500000
336.649963400000
336.863342300000
337.076721200000
337.290130600000
337.503570600000
337.716980000000
337.930450400000
338.143890400000
338.357360800000
338.570861800000
338.784332300000
338.997863800000
339.211364700000
339.424926800000
339.638458300000
339.852020300000
340.065612800000
340.279174800000
340.492797900000
340.706390400000
340.920013400000
341.133667000000
341.347320600000
341.560974100000
341.774658200000
341.988342300000
342.202056900000
342.415771500000
342.629516600000
342.843231200000
343.057006800000
343.270782500000
343.484558100000
343.698333700000
343.912139900000
344.125976600000
344.339813200000
344.553649900000
344.767517100000
344.981384300000
345.195251500000
345.409149200000
345.623077400000
345.837005600000
346.050933800000
346.264892600000
346.478851300000
346.692810100000
346.906799300000
347.120819100000
347.334808300000
347.548858600000
347.762878400000
347.976928700000
348.191009500000
348.405090300000
348.619171100000
348.833282500000
349.047393800000
349.261535600000
349.475677500000
349.689819300000
349.903991700000
350.118164100000
350.332366900000
350.546569800000
350.760803200000
350.975036600000
351.189270000000
351.403533900000
351.617797900000
351.832092300000
352.046386700000
352.260681200000
352.475006100000
352.689331100000
352.903686500000
353.118042000000
353.332428000000
353.546814000000
353.761200000000
353.975616500000
354.190033000000
354.404480000000
354.618927000000
354.833404500000
355.047882100000
355.262359600000
355.476867700000
355.691375700000
355.905914300000
356.120452900000
356.334991500000
356.549560500000
356.764160200000
356.978729200000
357.193328900000
357.407959000000
357.622589100000
357.837219200000
358.051879900000
358.266540500000
358.481231700000
358.695922900000
358.910644500000
359.125366200000
359.340087900000
359.554840100000
359.769592300000
359.984344500000
360.199127200000
360.413940400000
360.628753700000
360.843566900000
361.058410600000
361.273254400000
361.488098100000
361.702972400000
361.917877200000
362.132751500000
362.347686800000
362.562591600000
362.777526900000
362.992492700000
363.207458500000
363.422424300000
363.637420700000
363.852417000000
364.067413300000
364.282440200000
364.497497600000
364.712524400000
364.927612300000
365.142669700000
365.357757600000
365.572876000000
365.787963900000
366.003112800000
366.218231200000
366.433410600000
366.648559600000
366.863739000000
367.078918500000
367.294128400000
367.509338400000
367.724578900000
367.939819300000
368.155090300000
368.370330800000
368.585632300000
368.800903300000
369.016235400000
369.231536900000
369.446868900000
369.662200900000
369.877563500000
370.092926000000
370.308319100000
370.523712200000
370.739105200000
370.954528800000
371.169982900000
371.385406500000
371.600860600000
371.816345200000
372.031829800000
372.247314500000
372.462829600000
372.678344700000
372.893890400000
373.109436000000
373.324981700000
373.540557900000
373.756134000000
373.971740700000
374.187347400000
374.402954100000
374.618591300000
374.834259000000
375.049896200000
375.265594500000
375.481262200000
375.696960400000
375.912689200000
376.128387500000
376.344146700000
376.559875500000
376.775634800000
376.991424600000
377.207214400000
377.423004200000
377.638824500000
377.854644800000
378.070465100000
378.286315900000
378.502197300000
378.718048100000
378.933960000000
379.149841300000
379.365753200000
379.581695600000
379.797607400000
380.013580300000
380.229522700000
380.445495600000
380.661499000000
380.877502400000
381.093505900000
381.309539800000
381.525573700000
381.741638200000
381.957672100000
382.173767100000
382.389862100000
382.605957000000
382.822052000000
383.038177500000
383.254333500000
383.470489500000
383.686645500000
383.902832000000
384.119018600000
384.335205100000
384.551422100000
384.767639200000
384.983886700000
385.200134300000
385.416412400000
385.632690400000
385.848968500000
386.065277100000
386.281585700000
386.497924800000
386.714263900000
386.930603000000
387.146972700000
387.363342300000
387.579742400000
387.796142600000
388.012573200000
388.228973400000
388.445434600000
388.661865200000
388.878356900000
389.094818100000
389.311309800000
389.527801500000
389.744323700000
389.960845900000
390.177398700000
390.393951400000
390.610504200000
390.827087400000
391.043670700000
391.260284400000
391.476898200000
391.693542500000
391.910156300000
392.126831100000
392.343475300000
392.560150100000
392.776855500000
392.993560800000
393.210266100000
393.427002000000
393.643737800000
393.860504200000
394.077270500000
394.294036900000
394.510833700000
394.727630600000
394.944427500000
395.161254900000
395.378112800000
395.594970700000
395.811828600000
396.028686500000
396.245605500000
396.462493900000
396.679412800000
396.896331800000
397.113281300000
397.330230700000
397.547180200000
397.764160200000
397.981170700000
398.198150600000
398.415161100000
398.632202100000
398.849243200000
399.066284200000
399.283355700000
399.500427200000
399.717529300000
399.934631300000
400.151733400000
400.368866000000
400.585998500000
400.803161600000
401.020324700000
401.237487800000
401.454681400000
401.671875000000
401.889099100000
402.106323200000
402.323547400000
402.540802000000
402.758056600000
402.975341800000
403.192627000000
403.409912100000
403.627227800000
403.844574000000
404.061889600000
404.279235800000
404.496612500000
404.713989300000
404.931366000000
405.148773200000
405.366180400000
405.583587600000
405.801025400000
406.018493700000
406.235961900000
406.453430200000
406.670898400000
406.888397200000
407.105926500000
407.323425300000
407.540985100000
407.758514400000
407.976074200000
408.193664600000
408.411224400000
408.628845200000
408.846435500000
409.064056400000
409.281707800000
409.499328600000
409.717010500000
409.934661900000
410.152343800000
410.370056200000
410.587768600000
410.805481000000
411.023223900000
411.240966800000
411.458709700000
411.676483200000
411.894256600000
412.112060500000
412.329864500000
412.547668500000
412.765502900000
412.983367900000
413.201202400000
413.419067400000
413.636962900000
413.854858400000
414.072753900000
414.290679900000
414.508606000000
414.726532000000
414.944488500000
415.162475600000
415.380432100000
415.598419200000
415.816436800000
416.034454300000
416.252471900000
416.470520000000
416.688568100000
416.906646700000
417.124725300000
417.342804000000
417.560913100000
417.779022200000
417.997131300000
418.215271000000
418.433441200000
418.651611300000
418.869781500000
419.087951700000
419.306152300000
419.524383500000
419.742584200000
419.960845900000
420.179077100000
420.397338900000
420.615600600000
420.833892800000
421.052185100000
421.270507800000
421.488830600000
421.707153300000
421.925506600000
422.143859900000
422.362243700000
422.580627400000
422.799011200000
423.017425500000
423.235839800000
423.454284700000
423.672729500000
423.891174300000
424.109649700000
424.328125000000
424.546630900000
424.765136700000
424.983642600000
425.202179000000
425.420715300000
425.639282200000
425.857849100000
426.076416000000
426.295013400000
426.513610800000
426.732238800000
426.950866700000
427.169494600000
427.388153100000
427.606811500000
427.825500500000
428.044189500000
428.262878400000
428.481597900000
428.700317400000
428.919036900000
429.137786900000
429.356567400000
429.575347900000
429.794128400000
430.012908900000
430.231720000000
430.450561500000
430.669372600000
430.888244600000
431.107086200000
431.325958300000
431.544860800000
431.763732900000
431.982635500000
432.201568600000
432.420501700000
432.639434800000
432.858398400000
433.077362100000
433.296356200000
433.515350300000
433.734344500000
433.953369100000
434.172393800000
434.391449000000
434.610473600000
434.829559300000
435.048645000000
435.267730700000
435.486816400000
435.705932600000
435.925048800000
436.144195600000
436.363342300000
436.582519500000
436.801696800000
437.020874000000
437.240081800000
437.459289600000
437.678497300000
437.897735600000
438.116973900000
438.336242700000
438.555511500000
438.774810800000
438.994110100000
439.213409400000
439.432739300000
439.652069100000
439.871398900000
440.090759300000
440.310119600000
440.529510500000
440.748901400000
440.968292200000
441.187713600000
441.407135000000
441.626586900000
441.846038800000
442.065490700000
442.284973100000
442.504455600000
442.723968500000
442.943481400000
443.162994400000
443.382537800000
443.602081300000
443.821655300000
444.041229200000
444.260803200000
444.480407700000
444.700012200000
444.919647200000
445.139282200000
445.358917200000
445.578582800000
445.798248300000
446.017913800000
446.237609900000
446.457336400000
446.677032500000
446.896759000000
447.116516100000
447.336273200000
447.556030300000
447.775817900000
447.995605500000
448.215393100000
448.435211200000
448.655029300000
448.874877900000
449.094726600000
449.314575200000
449.534454300000
449.754333500000
449.974243200000
450.194152800000
450.414062500000
450.634002700000
450.853942900000
451.073913600000
451.293884300000
451.513855000000
451.733856200000
451.953857400000
452.173889200000
452.393920900000
452.613952600000
452.834014900000
453.054077100000
453.274139400000
453.494232200000
453.714325000000
453.934448200000
454.154571500000
454.374725300000
454.594879200000
454.815033000000
455.035186800000
455.255371100000
455.475585900000
455.695800800000
455.916015600000
456.136230500000
456.356475800000
456.576751700000
456.797027600000
457.017303500000
457.237579300000
457.457885700000
457.678222700000
457.898529100000
458.118866000000
458.339233400000
458.559600800000
458.779968300000
459.000366200000
459.220764200000
459.441162100000
459.661590600000
459.882019000000
460.102478000000
460.322937000000
460.543396000000
460.763885500000
460.984375000000
461.204895000000
461.425415000000
461.645935100000
461.866485600000
462.087036100000
462.307617200000
462.528198200000
462.748779300000
462.969390900000
463.190002400000
463.410614000000
463.631256100000
463.851898200000
464.072570800000
464.293243400000
464.513916000000
464.734619100000
464.955322300000
465.176055900000
465.396789600000
465.617523200000
465.838287400000
466.059051500000
466.279846200000
466.500640900000
466.721435500000
466.942260700000
467.163085900000
467.383911100000
467.604766800000
467.825622600000
468.046508800000
468.267395000000
468.488281300000
468.709198000000
468.930114700000
469.151062000000
469.372009300000
469.592956500000
469.813934300000
470.034912100000
470.255920400000
470.476928700000
470.697937000000
470.918975800000
471.140014600000
471.361053500000
471.582122800000
471.803192100000
472.024292000000
472.245391800000
472.466491700000
472.687622100000
472.908752400000
473.129913300000
473.351074200000
473.572235100000
473.793426500000
474.014617900000
474.235809300000
474.457031300000
474.678253200000
474.899505600000
475.120758100000
475.342010500000
475.563293500000
475.784576400000
476.005889900000
476.227203400000
476.448516800000
476.669860800000
476.891204800000
477.112579300000
477.333953900000
477.555328400000
477.776702900000
477.998138400000
478.219543500000
478.440979000000
478.662414600000
478.883880600000
479.105346700000
479.326812700000
479.548309300000
479.769805900000
479.991302500000
480.212829600000
480.434356700000
480.655914300000
480.877471900000
481.099060100000
481.320617700000
481.542236300000
481.763824500000
481.985443100000
482.207092300000
482.428710900000
482.650360100000
482.872039800000
483.093719500000
483.315399200000
483.537109400000
483.758819600000
483.980529800000
484.202270500000
484.424011200000
484.645782500000
484.867553700000
485.089325000000
485.311126700000
485.532928500000
485.754730200000
485.976562500000
486.198425300000
486.420257600000
486.642120400000
486.864013700000
487.085876500000
487.307800300000
487.529693600000
487.751617400000
487.973541300000
488.195495600000
488.417450000000
488.639434800000
488.861419700000
489.083404500000
489.305389400000
489.527404800000
489.749450700000
489.971496600000
490.193542500000
490.415588400000
490.637664800000
490.859741200000
491.081848100000
491.303955100000
491.526092500000
491.748199500000
491.970367400000
492.192504900000
492.414672900000
492.636871300000
492.859039300000
493.081237800000
493.303466800000
493.525695800000
493.747924800000
493.970184300000
494.192443800000
494.414703400000
494.636993400000
494.859283400000
495.081573500000
495.303894000000
495.526245100000
495.748565700000
495.970916700000
496.193298300000
496.415679900000
496.638061500000
496.860443100000
497.082855200000
497.305297900000
497.527740500000
497.750183100000
497.972625700000
498.195098900000
498.417572000000
498.640075700000
498.862579300000
499.085083000000
499.307617200000
499.530151400000
499.752716100000
499.975280800000
500.197845500000
500.420410200000
500.643005400000
500.865631100000
501.088256800000
501.310882600000
501.533508300000
501.756164600000
501.978851300000
502.201507600000
502.424194300000
502.646911600000
502.869628900000
503.092346200000
503.315063500000
503.537811300000
503.760589600000
503.983337400000
504.206146200000
504.428924600000
504.651733400000
504.874542200000
505.097381600000
505.320220900000
505.543060300000
505.765930200000
505.988800000000
506.211669900000
506.434570300000
506.657501200000
506.880401600000
507.103332500000
507.326293900000
507.549224900000
507.772186300000
507.995178200000
508.218170200000
508.441162100000
508.664184600000
508.887207000000
509.110229500000
509.333282500000
509.556335400000
509.779418900000
510.002502400000
510.225585900000
510.448669400000
510.671783400000
510.894928000000
511.118072500000
511.341217000000
511.564361600000
511.787536600000
512.010742200000
512.233947800000
512.457153300000
512.680358900000
512.903564500000
513.126831100000
513.350097700000
513.573364300000
513.796630900000
514.019897500000
514.243225100000
514.466491700000
514.689819300000
514.913147000000
515.136535600000
515.359863300000
515.583252000000
515.806640600000
516.030029300000
516.253418000000
516.476806600000
516.700256300000
516.923706100000
517.147094700000
517.370605500000
517.594055200000
517.817504900000
518.041015600000
518.264526400000
518.488037100000
518.711547900000
518.935119600000
519.158691400000
519.382202100000
519.605773900000
519.829406700000
520.052978500000
520.276611300000
520.500183100000
520.723815900000
520.947448700000
521.171142600000
521.394775400000
521.618469200000
521.842163100000
522.065856900000
522.289550800000
522.513305700000
522.736999500000
522.960754400000
523.184509300000
523.408264200000
523.632080100000
523.855835000000
524.079650900000
524.303466800000
524.527282700000
524.751098600000
524.974975600000
525.198852500000
525.422668500000
525.646606400000
525.870483400000
526.094360400000
526.318298300000
526.542236300000
526.766174300000
526.990112300000
527.214050300000
527.438049300000
527.661987300000
527.885986300000
528.109985400000
528.334045400000
528.558044400000
528.782104500000
529.006164600000
529.230224600000
529.454284700000
529.678344700000
529.902465800000
530.126586900000
530.350708000000
530.574829100000
530.798950200000
531.023132300000
531.247253400000
531.471435500000
531.695617700000
531.919860800000
532.144043000000
532.368286100000
532.592468300000
532.816711400000
533.041015600000
533.265258800000
533.489563000000
533.713806200000
533.938110400000
534.162414600000
534.386779800000
534.611084000000
534.835449200000
535.059814500000
535.284179700000
535.508544900000
535.732910200000
535.957336400000
536.181762700000
536.406189000000
536.630615200000
536.855041500000
537.079528800000
537.303955100000
537.528442400000
537.752929700000
537.977417000000
538.201965300000
538.426513700000
538.651001000000
538.875549300000
539.100097700000
539.324707000000
539.549255400000
539.773864700000
539.998474100000
540.223083500000
540.447692900000
540.672363300000
540.896972700000
541.121643100000
541.346313500000
541.571044900000
541.795715300000
542.020385700000
542.245117200000
542.469848600000
542.694580100000
542.919372600000
543.144104000000
543.368896500000
543.593689000000
543.818481400000
544.043273900000
544.268066400000
544.492919900000
544.717773400000
544.942627000000
545.167480500000
545.392334000000
545.617248500000
545.842102100000
546.067016600000
546.291931200000
546.516845700000
546.741821300000
546.966735800000
547.191711400000
547.416687000000
547.641662600000
547.866699200000
548.091674800000
548.316711400000
548.541748000000
548.766784700000
548.991821300000
549.216857900000
549.441955600000
549.667053200000
549.892150900000
550.117248500000
550.342346200000
550.567504900000
550.792663600000
551.017822300000
551.242981000000
551.468139600000
551.693298300000
551.918518100000
552.143737800000
552.368957500000
552.594177200000
552.819397000000
553.044677700000
553.269958500000
553.495178200000
553.720520000000
553.945800800000
554.171081500000
554.396423300000
554.621765100000
554.847106900000
555.072448700000
555.297790500000
555.523193400000
555.748596200000
555.973938000000
556.199340800000
556.424804700000
556.650207500000
556.875671400000
557.101135300000
557.326599100000
557.552063000000
557.777526900000
558.003051800000
558.228515600000
558.454040500000
558.679565400000
558.905151400000
559.130676300000
559.356262200000
559.581848100000
559.807434100000
560.033020000000
560.258606000000
560.484252900000
560.709838900000
560.935485800000
561.161132800000
561.386840800000
561.612487800000
561.838195800000
562.063903800000
562.289611800000
562.515319800000
562.741027800000
562.966796900000
563.192504900000
563.418273900000
563.644043000000
563.869873000000
564.095642100000
564.321472200000
564.547241200000
564.773071300000
564.998962400000
565.224792500000
565.450683600000
565.676513700000
565.902404800000
566.128295900000
566.354187000000
566.580139200000
566.806030300000
567.031982400000
567.257934600000
567.483886700000
567.709899900000
567.935852100000
568.161865200000
568.387878400000
568.613891600000
568.839904800000
569.065918000000
569.291992200000
569.518066400000
569.744140600000
569.970214800000
570.196289100000
570.422424300000
570.648498500000
570.874633800000
571.100769000000
571.326965300000
571.553100600000
571.779235800000
572.005432100000
572.231628400000
572.457824700000
572.684082000000
572.910278300000
573.136535600000
573.362793000000
573.589050300000
573.815307600000
574.041564900000
574.267883300000
574.494140600000
574.720459000000
574.946777300000
575.173156700000
575.399475100000
575.625854500000
575.852233900000
576.078613300000
576.304992700000
576.531372100000
576.757812500000
576.984191900000
577.210632300000
577.437072800000
577.663513200000
577.890014600000
578.116455100000
578.342956500000
578.569458000000
578.795959500000
579.022522000000
579.249023400000
579.475585900000
579.702148400000
579.928710900000
580.155273400000
580.381835900000
580.608459500000
580.835083000000
581.061706500000
581.288330100000
581.514953600000
581.741577100000
581.968261700000
582.194946300000
582.421630900000
582.648315400000
582.875000000000
583.101745600000
583.328491200000
583.555175800000
583.781982400000
584.008728000000
584.235473600000
584.462280300000
584.689086900000
584.915893600000
585.142700200000
585.369506800000
585.596313500000
585.823181200000
586.050048800000
586.276916500000
586.503784200000
586.730712900000
586.957580600000
587.184509300000
587.411438000000
587.638366700000
587.865295400000
588.092285200000
588.319213900000
588.546203600000
588.773193400000
589.000183100000
589.227172900000
589.454223600000
589.681274400000
589.908325200000
590.135376000000
590.362426800000
590.589477500000
590.816589400000
591.043701200000
591.270752000000
591.497924800000
591.725036600000
591.952148400000
592.179321300000
592.406494100000
592.633667000000
592.860839800000
593.088012700000
593.315246600000
593.542419400000
593.769653300000
593.996887200000
594.224182100000
594.451416000000
594.678710900000
594.905944800000
595.133239700000
595.360534700000
595.587890600000
595.815185500000
596.042541500000
596.269897500000
596.497253400000
596.724609400000
596.951965300000
597.179382300000
597.406738300000
597.634155300000
597.861572300000
598.089050300000
598.316467300000
598.543945300000
598.771362300000
598.998840300000
599.226318400000
599.453857400000
599.681335400000
599.908874500000
600.136413600000
600.363952600000
600.591491700000
600.819030800000
601.046630900000
601.274169900000
601.501770000000
601.729370100000
601.957031300000
602.184631300000
602.412292500000
602.639892600000
602.867553700000
603.095214800000
603.322937000000
603.550598100000
603.778320300000
604.005981400000
604.233703600000
604.461486800000
604.689209000000
604.916931200000
605.144714400000
605.372497600000
605.600280800000
605.828064000000
606.055908200000
606.283691400000
606.511535600000
606.739379900000
606.967224100000
607.195068400000
607.422973600000
607.650817900000
607.878723100000
608.106628400000
608.334533700000
608.562439000000
608.790405300000
609.018371600000
609.246276900000
609.474243200000
609.702270500000
609.930236800000
610.158203100000
610.386230500000
610.614257800000
610.842285200000
611.070312500000
611.298400900000
611.526428200000
611.754516600000
611.982605000000
612.210693400000
612.438781700000
612.666931200000
612.895080600000
613.123168900000
613.351318400000
613.579467800000
613.807678200000
614.035827600000
614.264038100000
614.492248500000
614.720459000000
614.948669400000
615.176879900000
615.405151400000
615.633422900000
615.861694300000
616.089965800000
616.318237300000
616.546508800000
616.774841300000
617.003173800000
617.231506300000
617.459838900000
617.688171400000
617.916503900000
618.144897500000
618.373291000000
618.601684600000
618.830078100000
619.058471700000
619.286926300000
619.515319800000
619.743774400000
619.972229000000
620.200744600000
620.429199200000
620.657653800000
620.886169400000
621.114685100000
621.343200700000
621.571716300000
621.800293000000
622.028808600000
622.257385300000
622.485961900000
622.714538600000
622.943115200000
623.171752900000
623.400329600000
623.628967300000
623.857605000000
624.086242700000
624.314941400000
624.543579100000
624.772277800000
625.000976600000
625.229675300000
625.458374000000
625.687072800000
625.915832500000
626.144531300000
626.373291000000
626.602050800000
626.830810500000
627.059631300000
627.288391100000
627.517211900000
627.746032700000
627.974853500000
628.203674300000
628.432556200000
628.661377000000
628.890258800000
629.119140600000
629.348022500000
629.576904300000
629.805847200000
630.034729000000
630.263671900000
630.492614700000
630.721557600000
630.950561500000
631.179504400000
631.408508300000
631.637512200000
631.866516100000
632.095520000000
632.324523900000
632.553588900000
632.782592800000
633.011657700000
633.240722700000
633.469787600000
633.698913600000
633.927978500000
634.157104500000
634.386230500000
634.615356400000
634.844482400000
635.073608400000
635.302795400000
635.531982400000
635.761169400000
635.990356400000
636.219543500000
636.448730500000
636.677978500000
636.907226600000
637.136474600000
637.365722700000
637.594970700000
637.824279800000
638.053527800000
638.282836900000
638.512146000000
638.741455100000
638.970764200000
639.200134300000
639.429443400000
639.658813500000
639.888183600000
640.117553700000
640.346984900000
640.576355000000
640.805786100000
641.035217300000
641.264648400000
641.494079600000
641.723510700000
641.953002900000
642.182495100000
642.411926300000
642.641418500000
642.870971700000
643.100463900000
643.330017100000
643.559509300000
643.789062500000
644.018615700000
644.248168900000
644.477783200000
644.707336400000
644.936950700000
645.166564900000
645.396179200000
645.625793500000
645.855468800000
646.085083000000
646.314758300000
646.544433600000
646.774108900000
647.003784200000
647.233520500000
647.463195800000
647.692932100000
647.922668500000
648.152404800000
648.382202100000
648.611938500000
648.841735800000
649.071472200000
649.301269500000
649.531127900000
649.760925300000
649.990722700000
650.220581100000
650.450439500000
650.680297900000
650.910156300000
651.140014600000
651.369934100000
651.599792500000
651.829711900000
652.059631300000
652.289550800000
652.519531300000
652.749450700000
652.979431200000
653.209411600000
653.439392100000
653.669372600000
653.899353000000
654.129394500000
654.359375000000
654.589416500000
654.819458000000
655.049499500000
655.279602100000
655.509643600000
655.739746100000
655.969848600000
656.199951200000
656.430053700000
656.660156300000
656.890319800000
657.120483400000
657.350647000000
657.580810500000
657.810974100000
658.041137700000
658.271362300000
658.501525900000
658.731750500000
658.961975100000
659.192260700000
659.422485400000
659.652771000000
659.882995600000
660.113281300000
660.343566900000
660.573852500000
660.804199200000
661.034484900000
661.264831500000
661.495178200000
661.725524900000
661.955871600000
662.186279300000
662.416626000000
662.647033700000
662.877441400000
663.107849100000
663.338256800000
663.568725600000
663.799133300000
664.029602100000
664.260070800000
664.490539600000
664.721008300000
664.951538100000
665.182006800000
665.412536600000
665.643066400000
665.873596200000
666.104126000000
666.334716800000
666.565246600000
666.795837400000
667.026428200000
667.257019000000
667.487609900000
667.718261700000
667.948852500000
668.179504400000
668.410156300000
668.640808100000
668.871460000000
669.102172900000
669.332824700000
669.563537600000
669.794250500000
670.024963400000
670.255676300000
670.486450200000
670.717163100000
670.947937000000
671.178710900000
671.409484900000
671.640258800000
671.871093800000
672.101867700000
672.332702600000
672.563537600000
672.794372600000
673.025207500000
673.256103500000
673.486938500000
673.717834500000
673.948730500000
674.179626500000
674.410522500000
674.641479500000
674.872375500000
675.103332500000
675.334289600000
675.565246600000
675.796203600000
676.027221700000
676.258178700000
676.489196800000
676.720214800000
676.951232900000
677.182251000000
677.413330100000
677.644348100000
677.875427200000
678.106506300000
678.337585400000
678.568664600000
678.799804700000
679.030883800000
679.262023900000
679.493164100000
679.724304200000
679.955444300000
680.186645500000
680.417785600000
680.648986800000
680.880188000000
681.111389200000
681.342590300000
681.573791500000
681.805053700000
682.036315900000
682.267578100000
682.498840300000
682.730102500000
682.961364700000
683.192688000000
683.424011200000
683.655273400000
683.886596700000
684.117981000000
684.349304200000
684.580688500000
684.812011700000
685.043396000000
685.274780300000
685.506164600000
685.737609900000
685.968994100000
686.200439500000
686.431884800000
686.663330100000
686.894775400000
687.126220700000
687.357727100000
687.589172400000
687.820678700000
688.052185100000
688.283691400000
688.515258800000
688.746765100000
688.978332500000
689.209899900000
689.441467300000
689.673034700000
689.904602100000
690.136230500000
690.367797900000
690.599426300000
690.831054700000
691.062683100000
691.294311500000
691.526001000000
691.757690400000
691.989318800000
692.221008300000
692.452697800000
692.684448200000
692.916137700000
693.147888200000
693.379638700000
693.611328100000
693.843139600000
694.074890100000
694.306640600000
694.538452100000
694.770263700000
695.002075200000
695.233886700000
695.465698200000
695.697509800000
695.929382300000
696.161254900000
696.393066400000
696.625000000000
696.856872600000
697.088745100000
697.320678700000
697.552551300000
697.784484900000
698.016418500000
698.248352100000
698.480346700000
698.712280300000
698.944274900000
699.176269500000
699.408264200000
699.640258800000
699.872253400000
700.104309100000
700.336364700000
700.568359400000
700.800415000000
701.032531700000
701.264587400000
701.496643100000
701.728759800000
701.960876500000
702.192993200000
702.425109900000
702.657226600000
702.889404300000
703.121521000000
703.353698700000
703.585876500000
703.818054200000
704.050231900000
704.282470700000
704.514648400000
704.746887200000
704.979126000000
705.211364700000
705.443603500000
705.675903300000
705.908142100000
706.140441900000
706.372741700000
706.605041500000
706.837341300000
707.069702100000
707.302002000000
707.534362800000
707.766723600000
707.999084500000
708.231445300000
708.463806200000
708.696228000000
708.928588900000
709.161010700000
709.393432600000
709.625854500000
709.858337400000
710.090759300000
710.323242200000
710.555725100000
710.788208000000
711.020690900000
711.253173800000
711.485656700000
711.718200700000
711.950744600000
712.183288600000
712.415832500000
712.648376500000
712.880920400000
713.113525400000
713.346130400000
713.578735400000
713.811340300000
714.043945300000
714.276550300000
714.509216300000
714.741821300000
714.974487300000
715.207153300000
715.439819300000
715.672546400000
715.905212400000
716.137939500000
716.370666500000
716.603393600000
716.836120600000
717.068847700000
717.301635700000
717.534362800000
717.767150900000
717.999939000000
718.232727100000
718.465515100000
718.698364300000
718.931152300000
719.164001500000
719.396850600000
719.629699700000
719.862548800000
720.095459000000
720.328308100000
720.561218300000
720.794128400000
721.027038600000
721.259948700000
721.492858900000
721.725830100000
721.958801300000
722.191711400000
722.424682600000
722.657714800000
722.890686000000
723.123657200000
723.356689500000
723.589721700000
723.822753900000
724.055786100000
724.288818400000
724.521850600000
724.754943800000
724.988037100000
725.221130400000
725.454223600000
725.687316900000
725.920410200000
726.153564500000
726.386718800000
726.619812000000
726.852966300000
727.086181600000
727.319335900000
727.552490200000
727.785705600000
728.018920900000
728.252136200000
728.485351600000
728.718566900000
728.951843300000
729.185058600000
729.418335000000
729.651611300000
729.884887700000
730.118164100000
730.351501500000
730.584777800000
730.818115200000
731.051452600000
731.284790000000
731.518127400000
731.751464800000
731.984863300000
732.218261700000
732.451599100000
732.684997600000
732.918457000000
733.151855500000
733.385253900000
733.618713400000
733.852172900000
734.085632300000
734.319091800000
734.552551300000
734.786010700000
735.019531300000
735.253051800000
735.486572300000
735.720092800000
735.953613300000
736.187133800000
736.420715300000
736.654235800000
736.887817400000
737.121398900000
737.354980500000
737.588623000000
737.822204600000
738.055847200000
738.289489700000
738.523132300000
738.756774900000
738.990417500000
739.224060100000
739.457763700000
739.691467300000
739.925109900000
740.158874500000
740.392578100000
740.626281700000
740.860046400000
741.093750000000
741.327514600000
741.561279300000
741.795043900000
742.028869600000
742.262634300000
742.496460000000
742.730224600000
742.964050300000
743.197876000000
743.431762700000
743.665588400000
743.899475100000
744.133300800000
744.367187500000
744.601074200000
744.834960900000
745.068908700000
745.302795400000
745.536743200000
745.770690900000
746.004638700000
746.238586400000
746.472534200000
746.706481900000
746.940490700000
747.174499500000
747.408508300000
747.642517100000
747.876525900000
748.110534700000
748.344604500000
748.578674300000
748.812683100000
749.046752900000
749.280883800000
749.514953600000
749.749023400000
749.983154300000
750.217285200000
750.451416000000
750.685546900000
750.919677700000
751.153869600000
751.388000500000
751.622192400000
751.856384300000
752.090576200000
752.324768100000
752.558960000000
752.793212900000
753.027404800000
753.261657700000
753.495910600000
753.730163600000
753.964477500000
754.198730500000
754.433044400000
754.667297400000
754.901611300000
755.135925300000
755.370300300000
755.604614300000
755.838928200000
756.073303200000
756.307678200000
756.542053200000
756.776428200000
757.010803200000
757.245239300000
757.479614300000
757.714050300000
757.948486300000
758.182922400000
758.417358400000
758.651855500000
758.886291500000
759.120788600000
759.355285600000
759.589782700000
759.824279800000
760.058776900000
760.293335000000
760.527832000000
760.762390100000
760.996948200000
761.231506300000
761.466125500000
761.700683600000
761.935241700000
762.169860800000
762.404480000000
762.639099100000
762.873718300000
763.108398400000
763.343017600000
763.577697800000
763.812316900000
764.046997100000
764.281738300000
764.516418500000
764.751098600000
764.985839800000
765.220520000000
765.455261200000
765.690002400000
765.924804700000
766.159545900000
766.394287100000
766.629089400000
766.863891600000
767.098693800000
767.333496100000
767.568298300000
767.803100600000
768.037963900000
768.272827100000
768.507690400000
768.742553700000
768.977417000000
769.212280300000
769.447204600000
769.682067900000
769.916992200000
770.151916500000
770.386840800000
770.621765100000
770.856750500000
771.091674800000
771.326660200000
771.561645500000
771.796630900000
772.031616200000
772.266601600000
772.501647900000
772.736694300000
772.971679700000
773.206726100000
773.441772500000
773.676879900000
773.911926300000
774.147033700000
774.382080100000
774.617187500000
774.852294900000
775.087402300000
775.322570800000
775.557678200000
775.792846700000
776.028015100000
776.263122600000
776.498352100000
776.733520500000
776.968689000000
777.203918500000
777.439086900000
777.674316400000
777.909545900000
778.144775400000
778.380065900000
778.615295400000
778.850585900000
779.085876500000
779.321106000000
779.556396500000
779.791748000000
780.027038600000
780.262390100000
780.497680700000
780.733032200000
780.968383800000
781.203735400000
781.439086900000
781.674499500000
781.909912100000
782.145263700000
782.380676300000
782.616088900000
782.851501500000
783.086975100000
783.322387700000
783.557861300000
783.793335000000
784.028808600000
784.264282200000
784.499755900000
784.735229500000
784.970764200000
785.206298800000
785.441833500000
785.677368200000
785.912902800000
786.148437500000
786.383972200000
786.619567900000
786.855163600000
787.090759300000
787.326355000000
787.561950700000
787.797546400000
788.033203100000
788.268859900000
788.504516600000
788.740173300000
788.975830100000
789.211486800000
789.447143600000
789.682861300000
789.918579100000
790.154296900000
790.390014600000
790.625732400000
790.861450200000
791.097229000000
791.332946800000
791.568725600000
791.804504400000
792.040283200000
792.276062000000
792.511901900000
792.747680700000
792.983520500000
793.219360400000
793.455200200000
793.691040000000
793.926879900000
794.162780800000
794.398620600000
794.634521500000
794.870422400000
795.106323200000
795.342224100000
795.578186000000
795.814086900000
796.050048800000
796.286010700000
796.521972700000
796.757934600000
796.993896500000
797.229858400000
797.465881300000
797.701904300000
797.937866200000
798.173889200000
798.409973100000
798.645996100000
798.882019000000
799.118103000000
799.354187000000
799.590271000000
799.826355000000
800.062439000000
800.298522900000
800.534668000000
800.770752000000
801.006897000000
801.243042000000
801.479187000000
801.715332000000
801.951538100000
802.187683100000
802.423889200000
802.660095200000
802.896301300000
803.132507300000
803.368713400000
803.604980500000
803.841186500000
804.077453600000
804.313720700000
804.549987800000
804.786254900000
805.022583000000
805.258850100000
805.495178200000
805.731445300000
805.967773400000
806.204101600000
806.440490700000
806.676818800000
806.913208000000
807.149536100000
807.385925300000
807.622314500000
807.858703600000
808.095092800000
808.331543000000
808.567932100000
808.804382300000
809.040832500000
809.277282700000
809.513732900000
809.750244100000
809.986694300000
810.223205600000
810.459655800000
810.696167000000
810.932678200000
811.169250500000
811.405761700000
811.642272900000
811.878845200000
812.115417500000
812.351989700000
812.588562000000
812.825134300000
813.061706500000
813.298339800000
813.534973100000
813.771606400000
814.008239700000
814.244873000000
814.481506300000
814.718139600000
814.954834000000
815.191528300000
815.428161600000
815.664917000000
815.901611300000
816.138305700000
816.375000000000
816.611755400000
816.848510700000
817.085266100000
817.322021500000
817.558776900000
817.795532200000
818.032348600000
818.269104000000
818.505920400000
818.742736800000
818.979553200000
819.216369600000
819.453247100000
819.690063500000
819.926940900000
820.163818400000
820.400695800000
820.637573200000
820.874450700000
821.111328100000
821.348266600000
821.585205100000
821.822143600000
822.059082000000
822.296020500000
822.532959000000
822.769897500000
823.006897000000
823.243896500000
823.480896000000
823.717895500000
823.954895000000
824.191894500000
824.428955100000
824.665954600000
824.903015100000
825.140075700000
825.377136200000
825.614196800000
825.851257300000
826.088378900000
826.325439500000
826.562561000000
826.799682600000
827.036804200000
827.273925800000
827.511108400000
827.748230000000
827.985412600000
828.222595200000
828.459777800000
828.696960400000
828.934143100000
829.171325700000
829.408569300000
829.645813000000
829.882995600000
830.120239300000
830.357482900000
830.594787600000
830.832031300000
831.069335900000
831.306579600000
831.543884300000
831.781189000000
832.018493700000
832.255859400000
832.493164100000
832.730468800000
832.967834500000
833.205200200000
833.442565900000
833.679931600000
833.917358400000
834.154724100000
834.392150900000
834.629516600000
834.866943400000
835.104370100000
835.341796900000
835.579284700000
835.816711400000
836.054199200000
836.291626000000
836.529113800000
836.766601600000
837.004089400000
837.241638200000
837.479126000000
837.716674800000
837.954223600000
838.191772500000
838.429321300000
838.666870100000
838.904418900000
839.142028800000
839.379577600000
839.617187500000
839.854797400000
840.092407200000
840.330017100000
840.567688000000
840.805297900000
841.042968800000
841.280578600000
841.518249500000
841.755920400000
841.993652300000
842.231323200000
842.468994100000
842.706726100000
842.944458000000
843.182189900000
843.419921900000
843.657653800000
843.895446800000
844.133178700000
844.370971700000
844.608703600000
844.846496600000
845.084350600000
845.322143600000
845.559936500000
845.797790500000
846.035583500000
846.273437500000
846.511291500000
846.749145500000
846.986999500000
847.224914600000
847.462768600000
847.700683600000
847.938598600000
848.176513700000
848.414428700000
848.652343800000
848.890258800000
849.128234900000
849.366210900000
849.604126000000
849.842102100000
850.080139200000
850.318115200000
850.556091300000
850.794128400000
851.032104500000
851.270141600000
851.508178700000
851.746215800000
851.984252900000
852.222351100000
852.460388200000
852.698486300000
852.936584500000
853.174682600000
853.412780800000
853.650878900000
853.889038100000
854.127136200000
854.365295400000
854.603454600000
854.841613800000
855.079772900000
855.317932100000
855.556091300000
855.794311500000
856.032470700000
856.270690900000
856.508911100000
856.747131300000
856.985412600000
857.223632800000
857.461853000000
857.700134300000
857.938415500000
858.176696800000
858.414978000000
858.653259300000
858.891601600000
859.129882800000
859.368225100000
859.606567400000
859.844909700000
860.083252000000
860.321594200000
860.559936500000
860.798339800000
861.036682100000
861.275085400000
861.513488800000
861.751892100000
861.990295400000
862.228759800000
862.467163100000
862.705627400000
862.944091800000
863.182556200000
863.421020500000
863.659484900000
863.897949200000
864.136474600000
864.374939000000
864.613464400000
864.851989700000
865.090515100000
865.329040500000
865.567627000000
865.806152300000
866.044738800000
866.283325200000
866.521911600000
866.760498000000
866.999084500000
867.237670900000
867.476318400000
867.714904800000
867.953552200000
868.192199700000
868.430847200000
868.669494600000
868.908142100000
869.146850600000
869.385498000000
869.624206500000
869.862915000000
870.101623500000
870.340332000000
870.579101600000
870.817810100000
871.056579600000
871.295288100000
871.534057600000
871.772827100000
872.011596700000
872.250427200000
872.489196800000
872.728027300000
872.966796900000
873.205627400000
873.444458000000
873.683288600000
873.922180200000
874.161010700000
874.399902300000
874.638732900000
874.877624500000
875.116516100000
875.355407700000
875.594299300000
875.833252000000
876.072143600000
876.311096200000
876.550048800000
876.789001500000
877.027954100000
877.266906700000
877.505859400000
877.744873000000
877.983886700000
878.222839400000
878.461853000000
878.700866700000
878.939941400000
879.178955100000
879.417968800000
879.657043500000
879.896118200000
880.135192900000
880.374267600000
880.613342300000
880.852417000000
881.091552700000
881.330627400000
881.569763200000
881.808898900000
882.048034700000
882.287170400000
882.526306200000
882.765502900000
883.004638700000
883.243835400000
883.483032200000
883.722229000000
883.961425800000
884.200622600000
884.439880400000
884.679077100000
884.918335000000
885.157592800000
885.396850600000
885.636108400000
885.875366200000
886.114624000000
886.353942900000
886.593261700000
886.832519500000
887.071838400000
887.311157200000
887.550537100000
887.789856000000
888.029174800000
888.268554700000
888.507934600000
888.747314500000
888.986694300000
889.226074200000
889.465454100000
889.704895000000
889.944274900000
890.183715800000
890.423156700000
890.662597700000
890.902038600000
891.141479500000
891.380981400000
891.620422400000
891.859924300000
892.099426300000
892.338928200000
892.578430200000
892.817932100000
893.057434100000
893.296997100000
893.536560100000
893.776062000000
894.015625000000
894.255188000000
894.494812000000
894.734375000000
894.973938000000
895.213562000000
895.453186000000
895.692810100000
895.932434100000
896.172058100000
896.411682100000
896.651367200000
896.890991200000
897.130676300000
897.370361300000
897.610046400000
897.849731400000
898.089416500000
898.329162600000
898.568847700000
898.808593800000
899.048339800000
899.288085900000
899.527832000000
899.767578100000
900.007324200000
900.247131300000
900.486877400000
900.726684600000
900.966491700000
901.206298800000
901.446106000000
901.685974100000
901.925781300000
902.165649400000
902.405456500000
902.645324700000
902.885192900000
903.125061000000
903.364990200000
903.604858400000
903.844787600000
904.084655800000
904.324585000000
904.564514200000
904.804443400000
905.044372600000
905.284362800000
905.524292000000
905.764282200000
906.004272500000
906.244262700000
906.484252900000
906.724243200000
906.964233400000
907.204284700000
907.444274900000
907.684326200000
907.924377400000
908.164428700000
908.404480000000
908.644531300000
908.884643600000
909.124694800000
909.364807100000
909.604919400000
909.845031700000
910.085144000000
910.325256300000
910.565368700000
910.805542000000
911.045654300000
911.285827600000
911.526001000000
911.766174300000
912.006347700000
912.246582000000
912.486755400000
912.726989700000
912.967163100000
913.207397500000
913.447631800000
913.687866200000
913.928100600000
914.168396000000
914.408630400000
914.648925800000
914.889221200000
915.129516600000
915.369812000000
915.610107400000
915.850402800000
916.090759300000
916.331054700000
916.571411100000
916.811767600000
917.052124000000
917.292480500000
917.532836900000
917.773254400000
918.013610800000
918.254028300000
918.494445800000
918.734863300000
918.975280800000
919.215698200000
919.456115700000
919.696594200000
919.937011700000
920.177490200000
920.417968800000
920.658447300000
920.898925800000
921.139404300000
921.379943800000
921.620422400000
921.860961900000
922.101501500000
922.342041000000
922.582580600000
922.823120100000
923.063720700000
923.304260300000
923.544860800000
923.785400400000
924.026001000000
924.266601600000
924.507263200000
924.747863800000
924.988464400000
925.229126000000
925.469726600000
925.710388200000
925.951049800000
926.191711400000
926.432434100000
926.673095700000
926.913757300000
927.154480000000
927.395202600000
927.635925300000
927.876647900000
928.117370600000
928.358093300000
928.598877000000
928.839599600000
929.080383300000
929.321167000000
929.561950700000
929.802734400000
930.043518100000
930.284301800000
930.525146500000
930.765930200000
931.006774900000
931.247619600000
931.488464400000
931.729309100000
931.970214800000
932.211059600000
932.451965300000
932.692810100000
932.933715800000
933.174621600000
933.415527300000
933.656433100000
933.897399900000
934.138305700000
934.379272500000
934.620239300000
934.861145000000
935.102111800000
935.343139600000
935.584106400000
935.825073200000
936.066101100000
936.307067900000
936.548095700000
936.789123500000
937.030151400000
937.271179200000
937.512268100000
937.753295900000
937.994384800000
938.235473600000
938.476501500000
938.717590300000
938.958740200000
939.199829100000
939.440918000000
939.682067900000
939.923156700000
940.164306600000
940.405456500000
940.646606400000
940.887756300000
941.128967300000
941.370117200000
941.611328100000
941.852478000000
942.093689000000
942.334899900000
942.576110800000
942.817382800000
943.058593800000
943.299804700000
943.541076700000
943.782348600000
944.023620600000
944.264892600000
944.506164600000
944.747436500000
944.988708500000
945.230041500000
945.471374500000
945.712707500000
945.953979500000
946.195373500000
946.436706500000
946.678039600000
946.919433600000
947.160766600000
947.402160600000
947.643554700000
947.884948700000
948.126342800000
948.367736800000
948.609130900000
948.850585900000
949.092041000000
949.333435100000
949.574890100000
949.816345200000
950.057800300000
950.299316400000
950.540771500000
950.782287600000
951.023742700000
951.265258800000
951.506774900000
951.748291000000
951.989807100000
952.231384300000
952.472900400000
952.714477500000
952.955993700000
953.197570800000
953.439147900000
953.680725100000
953.922363300000
954.163940400000
954.405578600000
954.647155800000
954.888793900000
955.130432100000
955.372070300000
955.613708500000
955.855346700000
956.097045900000
956.338684100000
956.580383300000
956.822082500000
957.063781700000
957.305481000000
957.547180200000
957.788879400000
958.030639600000
958.272338900000
958.514099100000
958.755859400000
958.997619600000
959.239379900000
959.481140100000
959.722900400000
959.964721700000
960.206481900000
960.448303200000
960.690124500000
960.931945800000
961.173767100000
961.415588400000
961.657470700000
961.899292000000
962.141174300000
962.383056600000
962.624939000000
962.866821300000
963.108703600000
963.350585900000
963.592529300000
963.834411600000
964.076355000000
964.318298300000
964.560241700000
964.802185100000
965.044128400000
965.286071800000
965.528076200000
965.770019500000
966.012023900000
966.254028300000
966.496032700000
966.738037100000
966.980041500000
967.222045900000
967.464111300000
967.706115700000
967.948181200000
968.190246600000
968.432312000000
968.674377400000
968.916442900000
969.158569300000
969.400634800000
969.642761200000
969.884826700000
970.126953100000
970.369079600000
970.611206100000
970.853393600000
971.095520000000
971.337707500000
971.579834000000
971.822021500000
972.064209000000
972.306396500000
972.548584000000
972.790771500000
973.033020000000
973.275207500000
973.517456100000
973.759704600000
974.001953100000
974.244201700000
974.486450200000
974.728698700000
974.971008300000
975.213256800000
975.455566400000
975.697876000000
975.940185500000
976.182495100000
976.424804700000
976.667114300000
976.909484900000
977.151794400000
977.394165000000
977.636535600000
977.878906300000
978.121276900000
978.363647500000
978.606079100000
978.848449700000
979.090881300000
979.333252000000
979.575683600000
979.818115200000
980.060546900000
980.302978500000
980.545471200000
980.787902800000
981.030395500000
981.272888200000
981.515319800000
981.757812500000
982.000366200000
982.242858900000
982.485351600000
982.727905300000
982.970397900000
983.212951700000
983.455505400000
983.698059100000
983.940612800000
984.183166500000
984.425781300000
984.668335000000
984.910949700000
985.153564500000
985.396118200000
985.638732900000
985.881408700000
986.124023400000
986.366638200000
986.609314000000
986.851928700000
987.094604500000
987.337280300000
987.579956100000
987.822631800000
988.065307600000
988.308044400000
988.550720200000
988.793457000000
989.036193800000
989.278930700000
989.521667500000
989.764404300000
990.007141100000
990.249877900000
990.492675800000
990.735473600000
990.978210400000
991.221008300000
991.463806200000
991.706604000000
991.949462900000
992.192260700000
992.435119600000
992.677917500000
992.920776400000
993.163635300000
993.406494100000
993.649353000000
993.892211900000
994.135131800000
994.377990700000
994.620910600000
994.863830600000
995.106689500000
995.349670400000
995.592590300000
995.835510300000
996.078430200000
996.321411100000
996.564331100000
996.807312000000
997.050293000000
997.293273900000
997.536254900000
997.779296900000
998.022277800000
998.265258800000
998.508300800000
998.751342800000
998.994384800000
999.237426800000
999.480468800000
999.723510700000
999.966613800000
1000.20965600000
1000.45275900000
1000.69580100000
1000.93890400000
1001.18200700000
1001.42511000000
1001.66827400000
1001.91137700000
1002.15454100000
1002.39764400000
1002.64080800000
1002.88397200000
1003.12713600000
1003.37030000000
1003.61346400000
1003.85662800000
1004.09985400000
1004.34307900000
1004.58624300000
1004.82946800000
1005.07269300000
1005.31591800000
1005.55914300000
1005.80242900000
1006.04565400000
1006.28894000000
1006.53222700000
1006.77545200000
1007.01873800000
1007.26208500000
1007.50537100000
1007.74865700000
1007.99200400000
1008.23529100000
1008.47863800000
1008.72198500000
1008.96533200000
1009.20867900000
1009.45202600000
1009.69537400000
1009.93878200000
1010.18212900000
1010.42553700000
1010.66894500000
1010.91235400000
1011.15576200000
1011.39917000000
1011.64257800000
1011.88604700000
1012.12945600000
1012.37292500000
1012.61639400000
1012.85986300000
1013.10333300000
1013.34680200000
1013.59027100000
1013.83380100000
1014.07727100000
1014.32080100000
1014.56427000000
1014.80780000000
1015.05133100000
1015.29492200000
1015.53845200000
1015.78198200000
1016.02557400000
1016.26910400000
1016.51269500000
1016.75628700000
1016.99987800000
1017.24346900000
1017.48706100000
1017.73071300000
1017.97430400000
1018.21795700000
1018.46160900000
1018.70520000000
1018.94885300000
1019.19250500000
1019.43621800000
1019.67987100000
1019.92352300000
1020.16723600000
1020.41095000000
1020.65466300000
1020.89837600000
1021.14209000000
1021.38580300000
1021.62951700000
1021.87329100000